time,open,high,low,close,volume
2020-10-01 06:30,158.41,158.41,158.38,158.38,1063
2020-10-01 06:31,158.31,158.5592,158.1,158.29,88475
2020-10-01 06:32,158.27,158.86,158.27,158.81,14629
2020-10-01 06:33,158.7476,159.09,158.61,159.015,14432
2020-10-01 06:34,159.08,159.31,159.01,159.19,21093
2020-10-01 06:35,159.07,159.35,159.03,159.155,18183
2020-10-01 06:36,159.09,159.18,158.94,159.081,9861
2020-10-01 06:37,159.14,159.59,159.05,159.4,19644
2020-10-01 06:38,159.5,159.55,159.2,159.33,14139
2020-10-01 06:39,159.33,159.39,159.12,159.155,12709
2020-10-01 06:40,159.25,159.26,158.66,158.73,12566
2020-10-01 06:41,158.92,159.36,158.91,159.2767,12683
2020-10-01 06:42,159.275,159.49,159.255,159.47,17138
2020-10-01 06:43,159.5,159.57,159.38,159.5,33336
2020-10-01 06:44,159.46,159.55,159.4299,159.45,14454
2020-10-01 06:45,159.45,159.45,159.2995,159.4,5369
2020-10-01 06:46,159.21,159.25,158.85,159.25,26080
2020-10-01 06:47,159.11,159.205,158.98,159.161,15790
2020-10-01 06:48,158.99,159.15,158.91,159.11,9122
2020-10-01 06:49,159.05,159.13,158.93,159.0388,6599
2020-10-01 06:50,159.15,159.3699,159.04,159.25,4746
2020-10-01 06:51,159.24,159.4,159.1682,159.3466,8568
2020-10-01 06:52,159.33,159.42,159.25,159.31,6160
2020-10-01 06:53,159.31,159.45,159.19,159.43,21103
2020-10-01 06:54,159.48,159.5199,159.4,159.5199,8889
2020-10-01 06:55,159.4981,159.4981,158.9184,159.13,17780
2020-10-01 06:56,159.02,159.365,159.02,159.365,6835
2020-10-01 06:57,159.365,159.59,159.365,159.55,13372
2020-10-01 06:58,159.51,159.53,159.2807,159.31,6476
2020-10-01 06:59,159.2,159.33,159.13,159.24,15666
2020-10-01 07:00,158.9621,159.27,158.9621,159.23,79996
2020-10-01 07:01,159.05,159.19,159.01,159.01,5604
2020-10-01 07:02,159.07,159.28,159.06,159.26,3526
2020-10-01 07:03,159.28,159.28,159.15,159.185,5211
2020-10-01 07:04,159.1,159.1,158.93,158.9906,13554
2020-10-01 07:05,159,159.06,158.681,158.73,5345
2020-10-01 07:06,158.65,158.65,158.33,158.45,10394
2020-10-01 07:07,158.5,158.77,158.5,158.7,11244
2020-10-01 07:08,158.75,158.7522,158.6,158.705,5786
2020-10-01 07:09,158.7976,158.95,158.7976,158.8873,2476
2020-10-01 07:10,158.8872,158.97,158.7606,158.83,4009
2020-10-01 07:11,158.8365,158.8365,158.61,158.645,2028
2020-10-01 07:12,158.62,158.665,158.45,158.45,3956
2020-10-01 07:13,158.435,158.5,158.3838,158.45,2970
2020-10-01 07:14,158.49,158.64,158.49,158.6296,4004
2020-10-01 07:15,158.62,158.99,158.57,158.99,7777
2020-10-01 07:16,158.9,158.9,158.575,158.6,3093
2020-10-01 07:17,158.67,158.7399,158.54,158.5561,2190
2020-10-01 07:18,158.578,158.68,158.52,158.53,1183
2020-10-01 07:19,158.52,158.54,158.43,158.43,3326
2020-10-01 07:20,158.41,158.56,158.36,158.51,2396
2020-10-01 07:21,158.55,158.59,158.4673,158.5,5829
2020-10-01 07:22,158.4672,158.62,158.4672,158.59,2069
2020-10-01 07:23,158.5541,158.6,158.4086,158.5743,6308
2020-10-01 07:24,158.62,158.62,158.5826,158.59,704
2020-10-01 07:25,158.53,158.53,158.18,158.2574,6300
2020-10-01 07:26,158.29,158.3466,158.22,158.22,3951
2020-10-01 07:27,158.31,158.3516,158.21,158.3516,4537
2020-10-01 07:28,158.305,158.45,158.305,158.4184,6122
2020-10-01 07:29,158.39,158.5,158.38,158.5,1404
2020-10-01 07:30,158.5,158.5,158.31,158.455,2646
2020-10-01 07:31,158.58,158.665,158.58,158.62,2255
2020-10-01 07:32,158.699,158.725,158.6555,158.7111,3026
2020-10-01 07:33,158.67,158.75,158.64,158.6501,5787
2020-10-01 07:34,158.695,158.86,158.695,158.86,3913
2020-10-01 07:35,158.79,158.9278,158.77,158.81,2520
2020-10-01 07:36,158.78,158.86,158.76,158.85,2263
2020-10-01 07:37,158.87,158.97,158.86,158.97,2944
2020-10-01 07:38,158.99,159.01,158.955,159,2737
2020-10-01 07:39,159,159.19,159,159.1,4507
2020-10-01 07:40,159.07,159.21,159.07,159.21,8013
2020-10-01 07:41,159.19,159.21,159.15,159.175,4383
2020-10-01 07:42,159.2068,159.345,159.2068,159.33,6223
2020-10-01 07:43,159.37,159.61,159.37,159.58,20405
2020-10-01 07:44,159.56,159.66,159.55,159.63,8372
2020-10-01 07:45,159.66,159.7,159.6,159.7,7492
2020-10-01 07:46,159.69,159.775,159.66,159.71,17895
2020-10-01 07:47,159.71,159.71,159.295,159.31,14097
2020-10-01 07:48,159.3789,159.5619,159.3789,159.545,11889
2020-10-01 07:49,159.525,159.58,159.39,159.4,6638
2020-10-01 07:50,159.39,159.418,159.22,159.3,5294
2020-10-01 07:51,159.38,159.405,159.2672,159.405,7720
2020-10-01 07:52,159.43,159.525,159.43,159.4909,2558
2020-10-01 07:53,159.48,159.55,159.41,159.48,7896
2020-10-01 07:54,159.409,159.43,159.3574,159.38,6046
2020-10-01 07:55,159.4,159.42,159.37,159.38,3477
2020-10-01 07:56,159.3892,159.3892,159.15,159.185,7375
2020-10-01 07:57,159.1601,159.29,159.12,159.255,8512
2020-10-01 07:58,159.29,159.42,159.29,159.35,2835
2020-10-01 07:59,159.3536,159.53,159.22,159.51,8013
2020-10-01 08:00,159.53,159.66,159.31,159.31,4899
2020-10-01 08:01,159.34,159.41,159.2901,159.41,4671
2020-10-01 08:02,159.35,159.6,159.35,159.52,11101
2020-10-01 08:03,159.48,159.67,159.48,159.56,4672
2020-10-01 08:04,159.49,159.635,159.45,159.56,5886
2020-10-01 08:05,159.51,159.53,159.47,159.47,2461
2020-10-01 08:06,159.46,159.585,159.41,159.56,6700
2020-10-01 08:07,159.55,159.575,159.4616,159.51,8574
2020-10-01 08:08,159.48,159.5199,159.45,159.45,8554
2020-10-01 08:09,159.53,159.57,159.49,159.5,6261
2020-10-01 08:10,159.49,159.595,159.43,159.47,19077
2020-10-01 08:11,159.5,159.535,159.44,159.53,2644
2020-10-01 08:12,159.515,159.5644,159.47,159.55,4361
2020-10-01 08:13,159.57,159.685,159.53,159.685,6252
2020-10-01 08:14,159.69,159.88,159.68,159.88,7867
2020-10-01 08:15,159.84,160.07,159.84,160.05,27793
2020-10-01 08:16,160.05,160.2,160.03,160.185,13341
2020-10-01 08:17,160.17,160.215,159.9735,160.059,9829
2020-10-01 08:18,160.07,160.17,160.025,160.025,8301
2020-10-01 08:19,160.01,160.01,159.85,159.93,4719
2020-10-01 08:20,160.07,160.17,160.01,160.03,2747
2020-10-01 08:21,160.025,160.145,159.93,160.145,6313
2020-10-01 08:22,160.165,160.25,160.15,160.24,5853
2020-10-01 08:23,160.18,160.37,160.15,160.33,7606
2020-10-01 08:24,160.33,160.58,160.3,160.53,10341
2020-10-01 08:25,160.5077,160.52,160.41,160.41,6621
2020-10-01 08:26,160.3879,160.3879,160.15,160.15,7159
2020-10-01 08:27,160.15,160.24,160.06,160.06,4597
2020-10-01 08:28,160.081,160.215,160.081,160.215,5225
2020-10-01 08:29,160.16,160.18,160.08,160.085,4743
2020-10-01 08:30,160.1154,160.265,160.05,160.25,103839
2020-10-01 08:31,160.28,160.36,160.23,160.315,8486
2020-10-01 08:32,160.32,160.34,160.3,160.325,5289
2020-10-01 08:33,160.345,160.43,160.3,160.43,15699
2020-10-01 08:34,160.415,160.435,160.31,160.37,24673
2020-10-01 08:35,160.39,160.46,160.39,160.46,4929
2020-10-01 08:36,160.43,160.43,160.28,160.28,16700
2020-10-01 08:37,160.3,160.335,160.27,160.29,14871
2020-10-01 08:38,160.315,160.445,160.3,160.38,8823
2020-10-01 08:39,160.32,160.35,160.29,160.325,39312
2020-10-01 08:40,160.34,160.385,160.33,160.38,5660
2020-10-01 08:41,160.35,160.37,160.24,160.34,7200
2020-10-01 08:42,160.36,160.45,160.36,160.45,4544
2020-10-01 08:43,160.48,160.56,160.48,160.49,7776
2020-10-01 08:44,160.49,160.53,160.4,160.4,4997
2020-10-01 08:45,160.38,160.38,160.27,160.38,8633
2020-10-01 08:46,160.385,160.385,160.25,160.25,1565
2020-10-01 08:47,160.19,160.32,160.18,160.28,12761
2020-10-01 08:48,160.28,160.31,160.24,160.3,6324
2020-10-01 08:49,160.27,160.27,160.03,160.05,3828
2020-10-01 08:50,160.1,160.11,160,160,2035
2020-10-01 08:51,159.94,159.94,159.7469,159.7469,5305
2020-10-01 08:52,159.815,159.93,159.815,159.9,5217
2020-10-01 08:53,159.86,159.9,159.76,159.81,15058
2020-10-01 08:54,159.805,159.98,159.805,159.95,9875
2020-10-01 08:55,159.92,160,159.91,160,3631
2020-10-01 08:56,159.99,160.04,159.96,160.03,2250
2020-10-01 08:57,160.1,160.1,159.93,159.93,4336
2020-10-01 08:58,159.91,160.03,159.88,159.975,5613
2020-10-01 08:59,160,160.01,159.925,159.95,4200
2020-10-01 09:00,159.94,159.96,159.9,159.93,5161
2020-10-01 09:01,159.9,159.905,159.67,159.67,13570
2020-10-01 09:02,159.65,159.88,159.65,159.8714,5500
2020-10-01 09:03,159.8781,159.8961,159.76,159.78,5117
2020-10-01 09:04,159.82,159.9181,159.79,159.9181,6386
2020-10-01 09:05,159.9553,159.99,159.91,159.99,6084
2020-10-01 09:06,159.98,159.98,159.92,159.94,6005
2020-10-01 09:07,159.98,160.22,159.98,160.204,10849
2020-10-01 09:08,160.23,160.24,160.08,160.08,14447
2020-10-01 09:09,160.1,160.19,160.09,160.19,4678
2020-10-01 09:10,160.18,160.18,160.07,160.07,4579
2020-10-01 09:11,160.06,160.156,160.06,160.156,4984
2020-10-01 09:12,160.1556,160.205,160.1556,160.17,3839
2020-10-01 09:13,160.15,160.24,160.14,160.215,10592
2020-10-01 09:14,160.24,160.24,160.08,160.085,9751
2020-10-01 09:15,160.07,160.23,159.98,160.1166,20565
2020-10-01 09:16,160.08,160.105,160.01,160.105,2964
2020-10-01 09:17,160.135,160.23,160.135,160.21,4532
2020-10-01 09:18,160.22,160.3446,160.22,160.3446,5299
2020-10-01 09:19,160.36,160.4901,160.35,160.4901,3803
2020-10-01 09:20,160.49,160.5438,160.42,160.45,24991
2020-10-01 09:21,160.45,160.68,160.45,160.54,19446
2020-10-01 09:22,160.55,160.62,160.54,160.545,9253
2020-10-01 09:23,160.53,160.5774,160.435,160.5774,14092
2020-10-01 09:24,160.54,160.625,160.54,160.58,6895
2020-10-01 09:25,160.595,160.595,160.5307,160.5307,6437
2020-10-01 09:26,160.53,160.64,160.5201,160.59,8992
2020-10-01 09:27,160.5953,160.64,160.57,160.64,5213
2020-10-01 09:28,160.66,160.775,160.66,160.75,8529
2020-10-01 09:29,160.775,160.86,160.774,160.83,8920
2020-10-01 09:30,160.84,160.86,160.7372,160.745,9483
2020-10-01 09:31,160.74,160.74,160.68,160.74,9601
2020-10-01 09:32,160.74,160.77,160.72,160.74,15215
2020-10-01 09:33,160.72,160.73,160.69,160.695,5560
2020-10-01 09:34,160.695,160.75,160.61,160.61,5852
2020-10-01 09:35,160.5966,160.69,160.5966,160.67,4240
2020-10-01 09:36,160.67,160.71,160.59,160.67,4509
2020-10-01 09:37,160.695,160.705,160.67,160.67,10833
2020-10-01 09:38,160.66,160.67,160.635,160.635,6978
2020-10-01 09:39,160.635,160.6599,160.62,160.62,4045
2020-10-01 09:40,160.65,160.84,160.64,160.84,6754
2020-10-01 09:41,160.845,160.89,160.81,160.81,6363
2020-10-01 09:42,160.81,160.81,160.74,160.74,5130
2020-10-01 09:43,160.76,160.76,160.7296,160.73,3563
2020-10-01 09:44,160.735,160.75,160.71,160.74,6660
2020-10-01 09:45,160.76,160.76,160.71,160.72,8122
2020-10-01 09:46,160.71,160.73,160.61,160.62,6774
2020-10-01 09:47,160.61,160.61,160.58,160.59,5104
2020-10-01 09:48,160.56,160.58,160.45,160.5,3428
2020-10-01 09:49,160.47,160.47,160.38,160.38,2549
2020-10-01 09:50,160.38,160.41,160.31,160.35,6414
2020-10-01 09:51,160.3301,160.4,160.33,160.3899,4414
2020-10-01 09:52,160.37,160.38,160.28,160.36,11346
2020-10-01 09:53,160.35,160.37,160.31,160.31,4061
2020-10-01 09:54,160.29,160.29,160.225,160.225,3347
2020-10-01 09:55,160.21,160.251,160.15,160.2,6948
2020-10-01 09:56,160.25,160.25,160.17,160.19,3280
2020-10-01 09:57,160.1692,160.17,159.95,159.95,8480
2020-10-01 09:58,160.0099,160.01,159.9131,159.9131,9263
2020-10-01 09:59,159.95,160.02,159.925,160.02,6137
2020-10-01 10:00,160.0265,160.08,160.0091,160.03,4809
2020-10-01 10:01,160.0555,160.08,160,160.025,8036
2020-10-01 10:02,160.02,160.02,159.96,159.99,3625
2020-10-01 10:03,160.01,160.1,160.01,160.04,3413
2020-10-01 10:04,160.0226,160.05,159.99,160.01,2975
2020-10-01 10:05,160,160.06,160,160.03,5794
2020-10-01 10:06,160.05,160.1,160.01,160.05,6415
2020-10-01 10:07,160.1,160.17,160.05,160.13,7160
2020-10-01 10:08,160.15,160.19,160.13,160.1375,7523
2020-10-01 10:09,160.16,160.38,160.13,160.38,14858
2020-10-01 10:10,160.38,160.4,160.26,160.27,10921
2020-10-01 10:11,160.27,160.41,160.231,160.41,38673
2020-10-01 10:12,160.39,160.5499,160.39,160.485,16406
2020-10-01 10:13,160.485,160.55,160.485,160.5,6122
2020-10-01 10:14,160.5,160.525,160.41,160.4187,8972
2020-10-01 10:15,160.44,160.54,160.41,160.5,16892
2020-10-01 10:16,160.52,160.52,160.33,160.34,8764
2020-10-01 10:17,160.34,160.39,160.33,160.39,4938
2020-10-01 10:18,160.41,160.435,160.4,160.42,3889
2020-10-01 10:19,160.425,160.425,160.37,160.4,3695
2020-10-01 10:20,160.3847,160.41,160.37,160.3982,5451
2020-10-01 10:21,160.38,160.38,160.33,160.375,3614
2020-10-01 10:22,160.33,160.38,160.31,160.31,3449
2020-10-01 10:23,160.34,160.4225,160.33,160.33,4831
2020-10-01 10:24,160.3656,160.3656,160.33,160.34,1619
2020-10-01 10:25,160.34,160.3599,160.29,160.3,13338
2020-10-01 10:26,160.3,160.31,160.2594,160.2594,7291
2020-10-01 10:27,160.25,160.25,160.1101,160.12,4661
2020-10-01 10:28,160.13,160.1492,160,160.06,13283
2020-10-01 10:29,160.06,160.14,160.02,160.14,19585
2020-10-01 10:30,160.14,160.21,160.14,160.155,5924
2020-10-01 10:31,160.17,160.217,160.08,160.1054,3363
2020-10-01 10:32,160.105,160.21,160.06,160.21,3685
2020-10-01 10:33,160.1862,160.29,160.16,160.23,4937
2020-10-01 10:34,160.23,160.2999,160.18,160.18,4992
2020-10-01 10:35,160.25,160.27,160.25,160.27,2816
2020-10-01 10:36,160.25,160.25,160.22,160.25,4834
2020-10-01 10:37,160.23,160.2365,160.16,160.18,2402
2020-10-01 10:38,160.1497,160.1497,160.06,160.08,1547
2020-10-01 10:39,160.05,160.09,160.0446,160.0446,2863
2020-10-01 10:40,160.03,160.09,160,160.02,5045
2020-10-01 10:41,160,160.05,159.95,159.96,4439
2020-10-01 10:42,159.98,160.12,159.97,160.07,21280
2020-10-01 10:43,160.11,160.11,160.07,160.1,4092
2020-10-01 10:44,160.1,160.105,160.05,160.06,5102
2020-10-01 10:45,160.1,160.12,160.05,160.07,4706
2020-10-01 10:46,160.06,160.1,160.0549,160.06,2440
2020-10-01 10:47,160.05,160.07,160.025,160.03,4103
2020-10-01 10:48,160.05,160.0709,160.035,160.05,1591
2020-10-01 10:49,160.03,160.04,159.985,159.99,3761
2020-10-01 10:50,160.03,160.1,159.98,160.06,2887
2020-10-01 10:51,160.05,160.05,160,160.0004,3754
2020-10-01 10:52,160.02,160.0492,159.97,160.01,3207
2020-10-01 10:53,160.045,160.05,160.03,160.03,2141
2020-10-01 10:54,160.06,160.1,160.06,160.085,5795
2020-10-01 10:55,160.06,160.17,160.025,160.13,25655
2020-10-01 10:56,160.16,160.16,160.08,160.08,6080
2020-10-01 10:57,160.08,160.1,160.02,160.1,2267
2020-10-01 10:58,160.1241,160.23,160.1,160.21,10733
2020-10-01 10:59,160.23,160.24,159.73,159.81,30559
2020-10-01 11:00,159.75,159.82,159.6,159.6,10919
2020-10-01 11:01,159.5,159.5,159.16,159.16,10315
2020-10-01 11:02,159.2,159.21,159.12,159.1745,5970
2020-10-01 11:03,159.22,159.22,159.05,159.07,9000
2020-10-01 11:04,159.06,159.18,159.04,159.07,10538
2020-10-01 11:05,159.07,159.13,159.0583,159.11,6364
2020-10-01 11:06,159.13,159.175,158.95,158.95,7597
2020-10-01 11:07,158.95,159,158.89,159,3999
2020-10-01 11:08,159,159,158.74,158.74,9849
2020-10-01 11:09,158.71,159,158.7,158.805,5082
2020-10-01 11:10,158.77,158.83,158.69,158.83,13396
2020-10-01 11:11,158.8,159.392,158.7,158.75,9680
2020-10-01 11:12,158.74,158.74,158.585,158.65,15677
2020-10-01 11:13,158.66,158.66,158.57,158.62,15155
2020-10-01 11:14,158.6475,158.78,158.62,158.78,12734
2020-10-01 11:15,158.77,158.78,158.59,158.59,13223
2020-10-01 11:16,158.5773,158.7642,158.5773,158.7566,3048
2020-10-01 11:17,158.92,159.03,158.86,159,10017
2020-10-01 11:18,158.99,159.03,158.9,158.93,17251
2020-10-01 11:19,158.96,159.08,158.96,159,11669
2020-10-01 11:20,159.01,159.07,158.9515,159.01,8619
2020-10-01 11:21,159,159.06,158.99,159,6192
2020-10-01 11:22,158.98,159.1,158.92,159,15082
2020-10-01 11:23,159,159.06,158.98,158.98,8902
2020-10-01 11:24,158.99,159.06,158.98,159.06,11664
2020-10-01 11:25,159.08,159.23,159.055,159.22,6545
2020-10-01 11:26,159.21,159.29,159.21,159.23,8273
2020-10-01 11:27,159.22,159.35,159.17,159.3199,4664
2020-10-01 11:28,159.3401,159.52,159.3401,159.46,3287
2020-10-01 11:29,159.4568,159.53,159.43,159.51,3546
2020-10-01 11:30,159.525,159.57,159.415,159.5158,10578
2020-10-01 11:31,159.48,159.545,159.46,159.49,4698
2020-10-01 11:32,159.48,159.48,159.41,159.475,2671
2020-10-01 11:33,159.5,159.526,159.46,159.495,2028
2020-10-01 11:34,159.53,159.53,159.44,159.44,7680
2020-10-01 11:35,159.43,159.43,159.33,159.35,3256
2020-10-01 11:36,159.42,159.4699,159.4,159.44,1297
2020-10-01 11:37,159.45,159.46,159.38,159.4047,6826
2020-10-01 11:38,159.4009,159.405,159.28,159.28,3549
2020-10-01 11:39,159.31,159.3234,159.22,159.317,7418
2020-10-01 11:40,159.31,159.31,159.265,159.29,5501
2020-10-01 11:41,159.24,159.24,158.99,158.99,6287
2020-10-01 11:42,159.01,159.02,158.9,158.95,9511
2020-10-01 11:43,158.97,159.04,158.95,159.0025,15677
2020-10-01 11:44,159,159.1551,159,159.045,13648
2020-10-01 11:45,159.02,159.02,158.8501,158.86,5191
2020-10-01 11:46,158.87,159.02,158.86,159.01,4494
2020-10-01 11:47,159.01,159.05,159,159.03,13828
2020-10-01 11:48,159.07,159.205,159.07,159.195,13569
2020-10-01 11:49,159.2,159.21,159.1,159.1,17514
2020-10-01 11:50,159.0917,159.2,159.06,159.2,5289
2020-10-01 11:51,159.22,159.32,159.215,159.3,2744
2020-10-01 11:52,159.26,159.26,159.18,159.18,2879
2020-10-01 11:53,159.15,159.2,159.13,159.2,6968
2020-10-01 11:54,159.2,159.25,159.2,159.23,1906
2020-10-01 11:55,159.21,159.23,159.13,159.15,3514
2020-10-01 11:56,159.19,159.22,159.15,159.15,7781
2020-10-01 11:57,159.156,159.156,159.02,159.05,3021
2020-10-01 11:58,159.0139,159.09,159.0139,159.09,2725
2020-10-01 11:59,159.15,159.15,159.07,159.07,2412
2020-10-01 12:00,159.11,159.18,159.08,159.126,7325
2020-10-01 12:01,159.17,159.2167,159.16,159.19,3871
2020-10-01 12:02,159.225,159.3,159.22,159.23,7447
2020-10-01 12:03,159.22,159.24,159.19,159.24,2784
2020-10-01 12:04,159.27,159.27,159.24,159.25,3972
2020-10-01 12:05,159.24,159.26,159.21,159.21,5746
2020-10-01 12:06,159.19,159.22,159.09,159.2,3706
2020-10-01 12:07,159.17,159.18,159.08,159.1036,3869
2020-10-01 12:08,159.11,159.13,159.0601,159.0726,7105
2020-10-01 12:09,159.09,159.11,159.07,159.11,5477
2020-10-01 12:10,159.115,159.115,159.05,159.08,8387
2020-10-01 12:11,159.09,159.17,159.09,159.15,7236
2020-10-01 12:12,159.125,159.275,159.125,159.275,2966
2020-10-01 12:13,159.3,159.45,159.22,159.225,7533
2020-10-01 12:14,159.22,159.22,159.1,159.105,2950
2020-10-01 12:15,159.1,159.14,158.9,158.91,12697
2020-10-01 12:16,158.91,159.02,158.91,158.98,7337
2020-10-01 12:17,158.97,159,158.95,159,3699
2020-10-01 12:18,158.98,159.02,158.96,159,5983
2020-10-01 12:19,159.04,159.09,158.96,158.96,11545
2020-10-01 12:20,158.98,159,158.8661,158.885,4641
2020-10-01 12:21,158.9,158.9,158.76,158.7945,5737
2020-10-01 12:22,158.76,158.76,158.64,158.64,5406
2020-10-01 12:23,158.66,158.745,158.61,158.745,4348
2020-10-01 12:24,158.73,158.78,158.72,158.73,6112
2020-10-01 12:25,158.74,158.74,158.61,158.67,3638
2020-10-01 12:26,158.67,158.6751,158.62,158.65,2018
2020-10-01 12:27,158.67,158.78,158.67,158.75,6064
2020-10-01 12:28,158.75,158.775,158.71,158.72,5090
2020-10-01 12:29,158.69,158.7,158.62,158.63,4233
2020-10-01 12:30,158.62,158.65,158.54,158.555,10919
2020-10-01 12:31,158.54,158.54,158.46,158.46,9763
2020-10-01 12:32,158.46,158.47,158.2562,158.27,14704
2020-10-01 12:33,158.2676,158.425,158.2676,158.425,12493
2020-10-01 12:34,158.43,158.505,158.43,158.49,6464
2020-10-01 12:35,158.46,158.46,158.31,158.34,9620
2020-10-01 12:36,158.29,158.42,158.29,158.42,4397
2020-10-01 12:37,158.44,158.51,158.42,158.45,9955
2020-10-01 12:38,158.455,158.46,158.25,158.29,4129
2020-10-01 12:39,158.29,158.475,158.29,158.47,6139
2020-10-01 12:40,158.465,158.48,158.28,158.3,11301
2020-10-01 12:41,158.28,158.36,158.28,158.35,9982
2020-10-01 12:42,158.39,158.42,158.36,158.4,5791
2020-10-01 12:43,158.42,158.42,158.3064,158.35,14728
2020-10-01 12:44,158.36,158.38,158.24,158.305,7533
2020-10-01 12:45,158.29,158.36,158.26,158.28,14976
2020-10-01 12:46,158.27,158.275,158.18,158.225,19451
2020-10-01 12:47,158.27,158.33,158.25,158.285,9939
2020-10-01 12:48,158.285,158.53,158.26,158.5,16429
2020-10-01 12:49,158.5,158.62,158.49,158.615,11195
2020-10-01 12:50,158.58,158.77,158.58,158.68,11959
2020-10-01 12:51,158.64,158.76,158.64,158.71,9791
2020-10-01 12:52,158.71,158.75,158.64,158.74,9389
2020-10-01 12:53,158.72,158.735,158.66,158.73,11917
2020-10-01 12:54,158.72,158.82,158.68,158.76,17106
2020-10-01 12:55,158.73,158.73,158.52,158.57,27551
2020-10-01 12:56,158.56,158.73,158.5386,158.6818,22277
2020-10-01 12:57,158.66,158.69,158.57,158.63,28613
2020-10-01 12:58,158.64,158.76,158.6,158.76,26654
2020-10-01 12:59,158.74,158.84,158.54,158.61,58091
2020-10-02 06:30,156.97,156.97,156.46,156.46,1273
2020-10-02 06:31,156.51,156.8299,156.16,156.5206,92508
2020-10-02 06:32,156.74,157.5456,156.74,157.31,10588
2020-10-02 06:33,157.2,157.22,156.94,157.09,4007
2020-10-02 06:34,157.2,157.5847,157.19,157.3,13109
2020-10-02 06:35,157.25,158.23,157.15,158.162,21256
2020-10-02 06:36,158.22,158.26,157.73,157.73,10473
2020-10-02 06:37,157.85,158.0825,157.76,158.0825,3440
2020-10-02 06:38,158.17,158.47,158.17,158.2232,5215
2020-10-02 06:39,158.21,158.6,158.21,158.57,2811
2020-10-02 06:40,158.44,158.47,158.1358,158.25,2575
2020-10-02 06:41,158.0848,158.25,157.94,158.233,4462
2020-10-02 06:42,158.17,158.23,158.07,158.07,2742
2020-10-02 06:43,158.04,158.06,157.95,158.0013,7581
2020-10-02 06:44,157.99,158.14,157.89,158.14,3328
2020-10-02 06:45,158.14,158.27,158,158.1,4018
2020-10-02 06:46,157.95,157.95,157.75,157.75,4187
2020-10-02 06:47,157.85,158.01,157.81,158.01,4442
2020-10-02 06:48,158.1,158.18,158.063,158.18,2564
2020-10-02 06:49,158.1062,158.19,158.1062,158.1366,2759
2020-10-02 06:50,158.16,158.33,158.16,158.31,3609
2020-10-02 06:51,158.31,158.41,158.14,158.1471,13935
2020-10-02 06:52,158.14,158.3599,158.13,158.27,5937
2020-10-02 06:53,158.36,158.36,158.1617,158.25,5976
2020-10-02 06:54,158.3,158.37,158.035,158.035,3995
2020-10-02 06:55,158.04,158.07,158.04,158.07,2667
2020-10-02 06:56,158.13,158.165,158.08,158.08,1718
2020-10-02 06:57,158.012,158.22,158.012,158.22,1876
2020-10-02 06:58,158.23,158.255,158.1,158.1,4214
2020-10-02 06:59,158.125,158.39,158.125,158.39,3569
2020-10-02 07:00,158.4061,158.73,158.4061,158.73,3424
2020-10-02 07:01,158.69,158.69,158.597,158.66,4764
2020-10-02 07:02,158.6182,158.73,158.5101,158.5101,9248
2020-10-02 07:03,158.5969,158.665,158.57,158.6071,1122
2020-10-02 07:04,158.52,158.58,158.51,158.58,3138
2020-10-02 07:05,158.56,158.64,158.56,158.58,5218
2020-10-02 07:06,158.6,158.71,158.6,158.684,2211
2020-10-02 07:07,158.63,158.775,158.61,158.775,2380
2020-10-02 07:08,158.83,159.14,158.8,159.13,4631
2020-10-02 07:09,159.0675,159.19,158.87,158.94,12793
2020-10-02 07:10,158.9857,158.9857,158.775,158.775,6785
2020-10-02 07:11,158.775,158.775,158.54,158.5753,4912
2020-10-02 07:12,158.589,158.589,158.5,158.55,2916
2020-10-02 07:13,158.57,158.6,158.38,158.38,2511
2020-10-02 07:14,158.35,158.4,158.26,158.26,5109
2020-10-02 07:15,158.24,158.3523,158.24,158.3523,3853
2020-10-02 07:16,158.3,158.3,158.25,158.25,1330
2020-10-02 07:17,158.3,158.3,158.16,158.16,3447
2020-10-02 07:18,158.12,158.29,158.11,158.26,2589
2020-10-02 07:19,158.29,158.49,158.23,158.3101,7785
2020-10-02 07:20,158.405,158.405,158.34,158.3531,1359
2020-10-02 07:21,158.3,158.3,158.12,158.26,6956
2020-10-02 07:22,158.12,158.16,157.96,157.96,2616
2020-10-02 07:23,157.99,158.1,157.99,158.1,1418
2020-10-02 07:24,158.175,158.2281,158.168,158.2281,1532
2020-10-02 07:25,158.21,158.38,158.18,158.38,3755
2020-10-02 07:26,158.2385,158.35,158.2385,158.25,4003
2020-10-02 07:27,158.2,158.295,158.02,158.295,8886
2020-10-02 07:28,158.31,158.39,158.31,158.37,1777
2020-10-02 07:29,158.28,158.49,158.28,158.49,1429
2020-10-02 07:30,158.37,158.37,158.2,158.23,1537
2020-10-02 07:31,158.1425,158.23,158.1,158.11,4207
2020-10-02 07:32,158.16,158.22,158.07,158.08,2036
2020-10-02 07:33,158.11,158.14,158.11,158.125,877
2020-10-02 07:34,158.17,158.3,158.17,158.295,1653
2020-10-02 07:35,158.295,158.295,158.06,158.06,3884
2020-10-02 07:36,158.02,158.06,157.99,157.99,3061
2020-10-02 07:37,157.99,157.99,157.87,157.87,5384
2020-10-02 07:38,157.84,157.85,157.76,157.76,3603
2020-10-02 07:39,157.77,157.77,157.67,157.68,3336
2020-10-02 07:40,157.58,157.66,157.56,157.56,1725
2020-10-02 07:41,157.67,157.68,157.608,157.608,2370
2020-10-02 07:42,157.63,157.7,157.6,157.7,2883
2020-10-02 07:43,157.76,157.85,157.75,157.85,1654
2020-10-02 07:44,157.81,157.81,157.68,157.6958,1662
2020-10-02 07:45,157.66,157.79,157.66,157.79,1348
2020-10-02 07:46,157.83,157.98,157.83,157.945,1963
2020-10-02 07:47,157.9715,157.9799,157.92,157.92,4441
2020-10-02 07:48,157.93,158.06,157.925,158.06,3398
2020-10-02 07:49,158.07,158.165,158.03,158.03,2829
2020-10-02 07:50,158,158.07,157.9652,157.9652,1491
2020-10-02 07:51,158.04,158.04,157.941,157.941,1074
2020-10-02 07:52,157.965,158.07,157.93,158.07,2285
2020-10-02 07:53,158.07,158.22,158.07,158.15,2360
2020-10-02 07:54,158.25,158.25,158.15,158.1657,1290
2020-10-02 07:55,158.24,158.36,158.24,158.35,1317
2020-10-02 07:56,158.32,158.33,158.31,158.31,989
2020-10-02 07:57,158.34,158.41,158.34,158.34,1170
2020-10-02 07:58,158.38,158.38,158.26,158.28,5945
2020-10-02 07:59,158.26,158.48,158.25,158.43,4408
2020-10-02 08:00,158.38,158.53,158.29,158.29,6781
2020-10-02 08:01,158.41,158.4562,158.37,158.38,2034
2020-10-02 08:02,158.44,158.68,158.42,158.67,2429
2020-10-02 08:03,158.63,158.82,158.62,158.81,5423
2020-10-02 08:04,158.819,158.819,158.5388,158.5388,3572
2020-10-02 08:05,158.6,158.61,158.51,158.57,1812
2020-10-02 08:06,158.66,158.7681,158.655,158.7,2430
2020-10-02 08:07,158.705,158.87,158.7,158.87,1943
2020-10-02 08:08,158.83,159,158.83,159,2442
2020-10-02 08:09,159,159.03,158.88,158.913,3823
2020-10-02 08:10,158.8,158.92,158.8,158.92,963
2020-10-02 08:11,158.96,158.98,158.92,158.98,1570
2020-10-02 08:12,158.92,158.9799,158.83,158.95,3989
2020-10-02 08:13,158.92,159.01,158.82,159.01,5461
2020-10-02 08:14,159,159,158.9225,158.9387,1788
2020-10-02 08:15,158.96,158.98,158.77,158.8,2014
2020-10-02 08:16,158.83,158.93,158.75,158.93,2520
2020-10-02 08:17,158.91,158.9799,158.91,158.92,1758
2020-10-02 08:18,158.97,158.97,158.87,158.91,2772
2020-10-02 08:19,159,159.36,159,159.2,5526
2020-10-02 08:20,159.185,159.315,159.185,159.26,2273
2020-10-02 08:21,159.26,159.28,159.2,159.2566,1975
2020-10-02 08:22,159.27,159.27,159.22,159.22,771
2020-10-02 08:23,159.18,159.18,159.07,159.15,2588
2020-10-02 08:24,159.1223,159.1223,158.96,158.96,3337
2020-10-02 08:25,158.99,159.04,158.96,159,3010
2020-10-02 08:26,159.035,159.035,158.84,158.84,1591
2020-10-02 08:27,158.835,158.94,158.835,158.8619,2390
2020-10-02 08:28,158.9,158.96,158.87,158.93,4687
2020-10-02 08:29,158.86,158.98,158.82,158.82,900
2020-10-02 08:30,158.82,158.92,158.82,158.82,1786
2020-10-02 08:31,158.87,158.89,158.835,158.855,2235
2020-10-02 08:32,158.8,158.86,158.76,158.82,2793
2020-10-02 08:33,158.85,158.85,158.65,158.65,2206
2020-10-02 08:34,158.665,158.665,158.5728,158.5766,1603
2020-10-02 08:35,158.59,158.7494,158.59,158.7494,2474
2020-10-02 08:36,158.71,158.71,158.6842,158.6842,1321
2020-10-02 08:37,158.63,158.69,158.6141,158.6141,3981
2020-10-02 08:38,158.61,158.61,158.58,158.58,842
2020-10-02 08:39,158.61,158.64,158.5219,158.5219,4109
2020-10-02 08:40,158.54,158.58,158.47,158.475,4858
2020-10-02 08:41,158.45,158.45,158.2984,158.2984,4069
2020-10-02 08:42,158.33,158.45,158.33,158.45,3224
2020-10-02 08:43,158.46,158.4765,158.41,158.41,944
2020-10-02 08:44,158.3401,158.45,158.3401,158.44,2907
2020-10-02 08:45,158.43,158.5,158.36,158.5,3147
2020-10-02 08:46,158.46,158.51,158.45,158.505,1815
2020-10-02 08:48,158.58,158.6,158.56,158.56,975
2020-10-02 08:49,158.56,158.71,158.5508,158.67,2120
2020-10-02 08:50,158.67,158.672,158.635,158.635,1621
2020-10-02 08:51,158.6026,158.6519,158.59,158.64,1125
2020-10-02 08:52,158.57,158.59,158.53,158.545,1641
2020-10-02 08:53,158.5,158.52,158.49,158.49,1108
2020-10-02 08:54,158.41,158.41,158.26,158.26,3785
2020-10-02 08:55,158.2,158.21,158.17,158.2,1272
2020-10-02 08:56,158.21,158.21,158.065,158.135,3369
2020-10-02 08:57,158.155,158.155,158.08,158.11,6717
2020-10-02 08:58,158.0931,158.15,158.07,158.14,1666
2020-10-02 08:59,158.1499,158.18,158.0725,158.0725,3566
2020-10-02 09:00,158.09,158.1,157.99,158.02,2728
2020-10-02 09:01,158.03,158.05,157.9382,157.9382,2127
2020-10-02 09:02,157.99,157.99,157.91,157.955,3411
2020-10-02 09:03,157.91,157.94,157.86,157.88,3695
2020-10-02 09:04,157.82,157.88,157.808,157.8785,1920
2020-10-02 09:05,157.84,157.85,157.79,157.85,3851
2020-10-02 09:06,157.78,157.91,157.74,157.87,6975
2020-10-02 09:07,157.91,158.2999,157.91,158.18,3227
2020-10-02 09:08,158.2259,158.34,158.19,158.19,3108
2020-10-02 09:09,158.18,158.28,158.15,158.28,3149
2020-10-02 09:10,158.25,158.4,158.25,158.35,2096
2020-10-02 09:11,158.32,158.37,158.27,158.33,4446
2020-10-02 09:12,158.33,158.51,158.31,158.39,2406
2020-10-02 09:13,158.4,158.77,158.4,158.77,8496
2020-10-02 09:14,158.68,158.85,158.68,158.69,3443
2020-10-02 09:15,158.7,158.74,158.57,158.68,7692
2020-10-02 09:16,158.6999,158.71,158.62,158.66,3235
2020-10-02 09:17,158.6687,158.8,158.66,158.7584,4359
2020-10-02 09:18,158.7579,158.87,158.7579,158.8538,3815
2020-10-02 09:19,158.87,158.8799,158.79,158.8799,1673
2020-10-02 09:20,158.89,159,158.84,158.87,8054
2020-10-02 09:21,158.855,158.855,158.68,158.68,2813
2020-10-02 09:22,158.72,158.73,158.61,158.62,3252
2020-10-02 09:23,158.62,158.635,158.549,158.57,2190
2020-10-02 09:24,158.575,158.825,158.575,158.815,3903
2020-10-02 09:25,158.8,158.85,158.8,158.85,1202
2020-10-02 09:26,158.86,158.92,158.82,158.92,2299
2020-10-02 09:27,158.86,158.9099,158.79,158.81,4120
2020-10-02 09:28,158.78,158.86,158.74,158.795,1465
2020-10-02 09:29,158.78,158.79,158.69,158.69,4893
2020-10-02 09:30,158.73,158.85,158.72,158.77,3117
2020-10-02 09:31,158.82,158.9,158.812,158.812,3602
2020-10-02 09:32,158.85,158.9,158.815,158.815,3167
2020-10-02 09:33,158.8,158.9433,158.8,158.93,4269
2020-10-02 09:34,158.905,159.04,158.905,159,4939
2020-10-02 09:35,158.9617,159.065,158.93,159.04,4440
2020-10-02 09:36,159.05,159.07,158.99,159.015,2033
2020-10-02 09:37,159.1,159.11,159.06,159.1,1125
2020-10-02 09:38,159.09,159.22,159.09,159.22,6143
2020-10-02 09:39,159.245,159.29,159.2,159.27,2986
2020-10-02 09:40,159.25,159.39,159.24,159.38,8583
2020-10-02 09:41,159.4046,159.44,159.34,159.44,3387
2020-10-02 09:42,159.41,159.51,159.295,159.41,9916
2020-10-02 09:43,159.35,159.46,159.35,159.4,2634
2020-10-02 09:44,159.41,159.5,159.395,159.5,6309
2020-10-02 09:45,159.465,159.5,159.435,159.5,5475
2020-10-02 09:46,159.465,159.48,159.41,159.4725,10905
2020-10-02 09:48,159.43,159.48,159.405,159.46,3117
2020-10-02 09:49,159.48,159.5,159.3801,159.4564,6112
2020-10-02 09:50,159.51,159.53,159.47,159.53,5915
2020-10-02 09:51,159.54,159.6021,159.53,159.55,4382
2020-10-02 09:52,159.59,159.66,159.59,159.6264,4594
2020-10-02 09:53,159.64,159.66,159.582,159.66,3305
2020-10-02 09:54,159.5932,159.635,159.58,159.6,5703
2020-10-02 09:55,159.64,159.66,159.632,159.66,957
2020-10-02 09:56,159.66,159.71,159.64,159.71,5429
2020-10-02 09:57,159.67,159.78,159.67,159.7382,6710
2020-10-02 09:58,159.745,159.76,159.63,159.63,8718
2020-10-02 09:59,159.65,159.6663,159.65,159.6663,1245
2020-10-02 10:00,159.655,159.84,159.6377,159.7801,6614
2020-10-02 10:01,159.79,159.825,159.71,159.74,9052
2020-10-02 10:02,159.77,159.86,159.77,159.83,3153
2020-10-02 10:03,159.84,159.84,159.78,159.84,8942
2020-10-02 10:04,159.85,159.88,159.825,159.825,4261
2020-10-02 10:05,159.8,159.81,159.575,159.575,4842
2020-10-02 10:06,159.6,159.6,159.49,159.5,3289
2020-10-02 10:07,159.495,159.56,159.49,159.515,3317
2020-10-02 10:08,159.505,159.71,159.5,159.703,5391
2020-10-02 10:09,159.6502,159.69,159.6502,159.67,2997
2020-10-02 10:10,159.67,159.9,159.66,159.9,4486
2020-10-02 10:11,159.91,159.91,159.85,159.875,1586
2020-10-02 10:12,159.87,159.88,159.71,159.72,2370
2020-10-02 10:13,159.61,159.66,159.6,159.6,4387
2020-10-02 10:14,159.63,159.66,159.622,159.66,3202
2020-10-02 10:15,159.67,159.74,159.6073,159.74,3488
2020-10-02 10:16,159.72,159.798,159.72,159.7816,1920
2020-10-02 10:17,159.799,159.815,159.76,159.76,3083
2020-10-02 10:18,159.75,159.75,159.71,159.71,1979
2020-10-02 10:19,159.72,159.84,159.72,159.84,1951
2020-10-02 10:20,159.84,159.89,159.8,159.88,4086
2020-10-02 10:21,159.93,159.96,159.9,159.9,7569
2020-10-02 10:22,159.9,159.9,159.74,159.7802,2744
2020-10-02 10:23,159.74,159.87,159.74,159.86,2657
2020-10-02 10:24,159.92,159.96,159.85,159.85,4419
2020-10-02 10:25,159.85,159.9,159.84,159.87,2922
2020-10-02 10:26,159.87,159.909,159.838,159.87,1367
2020-10-02 10:27,159.886,159.99,159.886,159.99,4959
2020-10-02 10:28,159.96,159.96,159.88,159.945,3339
2020-10-02 10:29,159.89,159.97,159.865,159.905,2416
2020-10-02 10:30,159.96,159.96,159.7401,159.7401,2827
2020-10-02 10:31,159.79,159.82,159.79,159.82,1911
2020-10-02 10:32,159.79,159.79,159.61,159.6222,3664
2020-10-02 10:33,159.61,159.61,159.5,159.56,1123
2020-10-02 10:34,159.58,159.6,159.4,159.4,2507
2020-10-02 10:35,159.39,159.53,159.38,159.465,5075
2020-10-02 10:36,159.3756,159.46,159.3756,159.46,418
2020-10-02 10:37,159.46,159.58,159.46,159.48,4017
2020-10-02 10:38,159.49,159.69,159.49,159.67,1494
2020-10-02 10:39,159.7099,159.72,159.6392,159.72,2482
2020-10-02 10:40,159.72,159.72,159.02,159.06,17815
2020-10-02 10:41,159.08,159.17,158.85,158.95,37801
2020-10-02 10:42,158.84,158.84,158.82,158.82,980
2020-10-02 10:43,158.87,158.93,158.87,158.91,1834
2020-10-02 10:44,158.76,158.85,158.751,158.83,2067
2020-10-02 10:46,158.73,158.85,158.7161,158.77,2797
2020-10-02 10:47,158.91,159.015,158.91,158.98,2749
2020-10-02 10:48,158.96,159.0867,158.905,159.0867,2108
2020-10-02 10:49,159.01,159.01,158.82,158.84,4211
2020-10-02 10:50,158.89,158.96,158.89,158.9,1566
2020-10-02 10:51,158.895,158.99,158.895,158.99,937
2020-10-02 10:52,158.975,158.975,158.903,158.9035,2156
2020-10-02 10:53,158.97,159.06,158.96,159.06,1541
2020-10-02 10:54,158.97,159.05,158.97,159.05,1426
2020-10-02 10:55,158.97,159.03,158.97,158.99,1649
2020-10-02 10:56,159.07,159.08,159.055,159.08,697
2020-10-02 10:57,159.055,159.06,159.03,159.0303,1463
2020-10-02 10:58,159.05,159.18,158.971,159.18,4277
2020-10-02 10:59,159.14,159.155,159.097,159.097,675
2020-10-02 11:00,159.15,159.26,159.15,159.225,2090
2020-10-02 11:01,159.22,159.315,159.22,159.315,1344
2020-10-02 11:02,159.32,159.37,159.3125,159.325,3341
2020-10-02 11:03,159.325,159.325,159.25,159.32,1767
2020-10-02 11:04,159.3761,159.3766,159.31,159.3766,1986
2020-10-02 11:05,159.355,159.38,159.32,159.33,1025
2020-10-02 11:06,159.32,159.5,159.32,159.5,2383
2020-10-02 11:07,159.51,159.51,159.4,159.49,2787
2020-10-02 11:08,159.435,159.48,159.435,159.48,1381
2020-10-02 11:09,159.47,159.47,159.35,159.439,1412
2020-10-02 11:10,159.39,159.44,159.38,159.39,733
2020-10-02 11:11,159.41,159.49,159.41,159.49,6100
2020-10-02 11:12,159.545,159.59,159.505,159.505,4670
2020-10-02 11:13,159.48,159.5,159.4,159.405,2944
2020-10-02 11:14,159.42,159.48,159.3916,159.48,4606
2020-10-02 11:15,159.515,159.54,159.48,159.525,3161
2020-10-02 11:16,159.5166,159.57,159.51,159.53,1545
2020-10-02 11:17,159.5,159.5,159.4281,159.45,2505
2020-10-02 11:18,159.455,159.49,159.441,159.49,589
2020-10-02 11:19,159.44,159.48,159.435,159.435,1630
2020-10-02 11:20,159.46,159.47,159.42,159.47,1609
2020-10-02 11:21,159.455,159.5461,159.455,159.48,2312
2020-10-02 11:22,159.45,159.53,159.425,159.53,2199
2020-10-02 11:23,159.4717,159.5806,159.47,159.56,2637
2020-10-02 11:24,159.5894,159.63,159.56,159.63,2353
2020-10-02 11:25,159.6,159.625,159.5503,159.6,2822
2020-10-02 11:26,159.585,159.64,159.55,159.64,4675
2020-10-02 11:28,159.63,159.65,159.5771,159.6,4271
2020-10-02 11:29,159.5622,159.7,159.5622,159.7,2423
2020-10-02 11:30,159.6826,159.7563,159.67,159.71,2763
2020-10-02 11:31,159.74,159.74,159.6,159.67,6803
2020-10-02 11:32,159.64,159.695,159.61,159.66,5661
2020-10-02 11:33,159.66,159.7,159.65,159.7,1925
2020-10-02 11:34,159.705,159.77,159.705,159.77,1684
2020-10-02 11:35,159.8,159.885,159.79,159.85,4980
2020-10-02 11:36,159.84,159.89,159.81,159.86,7054
2020-10-02 11:37,159.78,159.81,159.755,159.81,3576
2020-10-02 11:38,159.81,159.813,159.74,159.78,6392
2020-10-02 11:39,159.7787,159.83,159.63,159.63,1447
2020-10-02 11:40,159.605,159.7,159.605,159.665,1668
2020-10-02 11:41,159.618,159.72,159.618,159.71,2749
2020-10-02 11:42,159.71,159.77,159.67,159.77,2345
2020-10-02 11:43,159.73,159.74,159.71,159.74,793
2020-10-02 11:44,159.71,159.72,159.61,159.72,3837
2020-10-02 11:45,159.66,159.685,159.63,159.63,1009
2020-10-02 11:46,159.65,159.7816,159.65,159.75,2597
2020-10-02 11:47,159.81,159.81,159.66,159.69,2453
2020-10-02 11:48,159.6,159.6514,159.592,159.6514,7850
2020-10-02 11:49,159.69,159.74,159.65,159.675,4553
2020-10-02 11:50,159.65,159.68,159.55,159.58,6036
2020-10-02 11:51,159.62,159.62,159.5865,159.61,1512
2020-10-02 11:52,159.6102,159.63,159.53,159.53,10404
2020-10-02 11:53,159.55,159.61,159.5394,159.57,8478
2020-10-02 11:54,159.58,159.6,159.57,159.59,5752
2020-10-02 11:55,159.6,159.81,159.6,159.8,3520
2020-10-02 11:56,159.77,159.77,159.75,159.75,724
2020-10-02 11:57,159.63,159.69,159.55,159.57,1606
2020-10-02 11:58,159.47,159.59,159.47,159.59,5095
2020-10-02 11:59,159.61,159.69,159.59,159.69,4280
2020-10-02 12:00,159.67,159.695,159.54,159.54,7643
2020-10-02 12:01,159.59,159.61,159.5354,159.57,9367
2020-10-02 12:02,159.585,159.59,159.51,159.59,10777
2020-10-02 12:03,159.65,159.69,159.59,159.66,4313
2020-10-02 12:04,159.655,159.71,159.63,159.7,2289
2020-10-02 12:05,159.64,159.66,159.63,159.66,6686
2020-10-02 12:06,159.6287,159.66,159.6,159.64,4536
2020-10-02 12:07,159.66,159.67,159.6,159.66,3817
2020-10-02 12:08,159.69,159.73,159.6588,159.6801,3027
2020-10-02 12:09,159.71,159.73,159.6301,159.69,5203
2020-10-02 12:10,159.69,159.8,159.69,159.765,2875
2020-10-02 12:11,159.79,159.97,159.6785,159.68,13180
2020-10-02 12:12,159.69,159.79,159.46,159.65,11465
2020-10-02 12:13,159.66,159.66,159.45,159.45,3286
2020-10-02 12:14,159.53,159.53,159.4237,159.48,2970
2020-10-02 12:15,159.43,159.5264,159.36,159.36,8604
2020-10-02 12:16,159.42,159.52,159.405,159.52,1895
2020-10-02 12:17,159.53,159.645,159.53,159.63,4793
2020-10-02 12:18,159.63,159.71,159.63,159.71,3169
2020-10-02 12:19,159.66,159.72,159.66,159.67,1005
2020-10-02 12:20,159.65,159.86,159.62,159.86,4192
2020-10-02 12:21,159.81,159.81,159.74,159.7571,2328
2020-10-02 12:22,159.7,159.7,159.59,159.6,1519
2020-10-02 12:23,159.6,159.72,159.58,159.68,2656
2020-10-02 12:24,159.646,159.68,159.646,159.68,2100
2020-10-02 12:25,159.7,159.7432,159.69,159.7,2759
2020-10-02 12:26,159.7,159.8,159.7,159.7826,2943
2020-10-02 12:27,159.8,159.9,159.799,159.87,6651
2020-10-02 12:28,159.844,159.88,159.77,159.77,2965
2020-10-02 12:29,159.7635,159.77,159.7635,159.77,1155
2020-10-02 12:30,159.74,159.74,159.66,159.7035,4367
2020-10-02 12:31,159.7,159.75,159.63,159.63,5285
2020-10-02 12:32,159.63,159.7499,159.63,159.715,2626
2020-10-02 12:33,159.78,159.8,159.72,159.735,8348
2020-10-02 12:34,159.715,159.7299,159.6862,159.7299,3676
2020-10-02 12:35,159.73,159.75,159.71,159.725,2443
2020-10-02 12:36,159.7519,159.82,159.71,159.82,6127
2020-10-02 12:37,159.81,159.81,159.7,159.7,3714
2020-10-02 12:38,159.7,159.705,159.5342,159.5342,3956
2020-10-02 12:39,159.58,159.63,159.525,159.63,5229
2020-10-02 12:40,159.6999,159.6999,159.62,159.62,2063
2020-10-02 12:41,159.64,159.6753,159.4,159.4,5844
2020-10-02 12:42,159.44,159.465,159.4,159.465,4628
2020-10-02 12:43,159.49,159.555,159.41,159.41,5440
2020-10-02 12:44,159.43,159.57,159.4,159.4539,10928
2020-10-02 12:45,159.41,159.41,159.25,159.33,8827
2020-10-02 12:46,159.33,159.39,159.25,159.25,4366
2020-10-02 12:47,159.26,159.37,159.25,159.3,4697
2020-10-02 12:48,159.33,159.36,159.24,159.24,9284
2020-10-02 12:49,159.28,159.5,159.27,159.4,12166
2020-10-02 12:50,159.46,159.46,159.29,159.3,9309
2020-10-02 12:51,159.285,159.33,159.21,159.3,7694
2020-10-02 12:52,159.3,159.35,159.28,159.35,6177
2020-10-02 12:53,159.35,159.37,159.2549,159.27,6699
2020-10-02 12:54,159.3,159.3,159.17,159.24,10299
2020-10-02 12:55,159.24,159.24,159.01,159.02,19277
2020-10-02 12:56,159,159.12,158.88,158.88,24354
2020-10-02 12:57,158.88,158.975,158.85,158.91,16349
2020-10-02 12:58,158.88,159.25,158.85,159.25,58585
2020-10-02 12:59,159.2414,159.44,158.96,159.01,102461
2020-10-05 06:30,159.99,160.49,159.99,160.49,69328
2020-10-05 06:31,160.3514,161.21,160.3514,160.9399,17871
2020-10-05 06:32,160.8762,161.23,160.61,161.02,12565
2020-10-05 06:33,161.06,161.47,160.78,161.3,10780
2020-10-05 06:34,161.08,161.26,160.85,161.06,6983
2020-10-05 06:35,161.1,161.13,160.88,160.9416,4235
2020-10-05 06:36,160.89,160.95,160.7395,160.76,6179
2020-10-05 06:37,160.74,160.77,160.39,160.41,4980
2020-10-05 06:38,160.38,160.59,160.38,160.54,11353
2020-10-05 06:39,160.53,160.75,160.53,160.75,2716
2020-10-05 06:40,160.705,160.77,160.44,160.74,9607
2020-10-05 06:41,160.7399,160.85,160.698,160.73,5298
2020-10-05 06:42,160.73,160.995,160.71,160.96,6162
2020-10-05 06:43,160.93,161,160.8,160.84,12424
2020-10-05 06:44,160.845,160.9,160.7,160.9,5774
2020-10-05 06:45,160.9,161.04,160.8,161.01,4355
2020-10-05 06:46,161.08,161.4,161.08,161.37,4162
2020-10-05 06:47,161.32,161.39,161.25,161.295,12808
2020-10-05 06:48,161.33,161.38,161.28,161.31,7904
2020-10-05 06:49,161.3192,161.34,161.17,161.32,6191
2020-10-05 06:50,161.33,161.38,161.07,161.115,11737
2020-10-05 06:51,161.13,161.26,161.12,161.2,7706
2020-10-05 06:52,161.2,161.27,161.1644,161.22,5938
2020-10-05 06:53,161.243,161.245,161.06,161.185,6241
2020-10-05 06:54,161.195,161.195,161.03,161.03,5198
2020-10-05 06:55,161.08,161.34,161.07,161.34,4408
2020-10-05 06:56,161.34,161.49,161.25,161.49,9269
2020-10-05 06:57,161.46,161.65,161.46,161.65,7440
2020-10-05 06:58,161.625,161.67,161.554,161.66,7672
2020-10-05 06:59,161.61,161.66,161.555,161.63,8057
2020-10-05 07:00,161.66,161.8816,161.65,161.805,13926
2020-10-05 07:01,161.82,161.9,161.74,161.885,9638
2020-10-05 07:02,161.99,162.04,161.68,161.85,19840
2020-10-05 07:03,161.83,161.93,161.7257,161.9,3932
2020-10-05 07:04,161.8999,161.97,161.83,161.89,9639
2020-10-05 07:05,161.895,161.96,161.87,161.87,14630
2020-10-05 07:06,161.86,161.89,161.8095,161.8095,3968
2020-10-05 07:07,161.8,161.82,161.73,161.78,6670
2020-10-05 07:08,161.72,161.72,161.67,161.708,2264
2020-10-05 07:09,161.72,161.74,161.57,161.615,11851
2020-10-05 07:10,161.61,161.62,161.45,161.5,8495
2020-10-05 07:11,161.5307,161.54,161.37,161.37,6254
2020-10-05 07:12,161.3999,161.4299,161.33,161.4,7125
2020-10-05 07:13,161.405,161.5,161.3679,161.4599,7129
2020-10-05 07:14,161.463,161.463,161.345,161.37,5246
2020-10-05 07:15,161.3859,161.51,161.3859,161.51,7379
2020-10-05 07:16,161.53,161.645,161.49,161.63,4574
2020-10-05 07:17,161.6006,161.6006,161.502,161.53,4192
2020-10-05 07:18,161.5278,161.6,161.5278,161.6,2429
2020-10-05 07:19,161.66,161.7399,161.66,161.73,2341
2020-10-05 07:20,161.7361,161.8414,161.73,161.8414,6892
2020-10-05 07:21,161.84,161.84,161.65,161.65,5195
2020-10-05 07:22,161.65,161.715,161.6101,161.71,4465
2020-10-05 07:23,161.69,161.7,161.54,161.565,6058
2020-10-05 07:24,161.5626,161.78,161.5626,161.78,4644
2020-10-05 07:25,161.74,161.96,161.74,161.82,13581
2020-10-05 07:26,161.85,161.87,161.78,161.87,7021
2020-10-05 07:27,161.845,161.845,161.79,161.82,4303
2020-10-05 07:28,161.81,161.83,161.73,161.73,4594
2020-10-05 07:29,161.77,161.77,161.68,161.71,987
2020-10-05 07:30,161.74,161.78,161.67,161.6804,3619
2020-10-05 07:31,161.7,161.76,161.64,161.67,2879
2020-10-05 07:32,161.67,161.74,161.65,161.715,3201
2020-10-05 07:33,161.75,161.774,161.68,161.769,2736
2020-10-05 07:34,161.725,161.725,161.595,161.595,1516
2020-10-05 07:35,161.595,161.655,161.59,161.59,3985
2020-10-05 07:36,161.6193,161.63,161.59,161.63,2159
2020-10-05 07:37,161.63,161.63,161.56,161.595,1654
2020-10-05 07:38,161.62,161.63,161.51,161.545,5473
2020-10-05 07:39,161.5,161.5,161.335,161.4,6432
2020-10-05 07:40,161.42,161.5294,161.4,161.51,2360
2020-10-05 07:41,161.51,161.69,161.51,161.69,6192
2020-10-05 07:42,161.63,161.68,161.54,161.55,3922
2020-10-05 07:43,161.55,161.6,161.5135,161.5852,3295
2020-10-05 07:44,161.45,161.51,161.31,161.38,3683
2020-10-05 07:45,161.37,161.4,161.2225,161.2225,4316
2020-10-05 07:46,161.2001,161.31,161.1701,161.31,7573
2020-10-05 07:47,161.2642,161.33,161.25,161.285,2880
2020-10-05 07:48,161.257,161.34,161.225,161.225,4799
2020-10-05 07:49,161.25,161.33,161.225,161.23,5695
2020-10-05 07:50,161.26,161.34,161.24,161.33,3243
2020-10-05 07:51,161.35,161.4,161.295,161.33,5079
2020-10-05 07:52,161.35,161.36,161.29,161.35,3306
2020-10-05 07:53,161.29,161.29,161.21,161.275,3315
2020-10-05 07:54,161.27,161.31,161.25,161.29,2677
2020-10-05 07:55,161.28,161.31,161.16,161.17,3286
2020-10-05 07:56,161.164,161.2017,161.11,161.155,2414
2020-10-05 07:57,161.11,161.14,161.06,161.08,4885
2020-10-05 07:58,161.07,161.14,161.05,161.055,5451
2020-10-05 07:59,161.09,161.1199,161.04,161.055,5198
2020-10-05 08:00,161.11,161.16,161.0005,161.1,4673
2020-10-05 08:01,161.0698,161.15,161.0698,161.1399,4878
2020-10-05 08:02,161.15,161.26,161.15,161.24,8170
2020-10-05 08:03,161.28,161.34,161.27,161.3394,4477
2020-10-05 08:04,161.34,161.4399,161.34,161.41,7668
2020-10-05 08:05,161.4325,161.54,161.4325,161.54,2606
2020-10-05 08:06,161.54,161.63,161.53,161.585,8092
2020-10-05 08:07,161.61,161.64,161.56,161.58,4287
2020-10-05 08:08,161.56,161.61,161.535,161.59,5695
2020-10-05 08:09,161.635,161.6499,161.5809,161.5809,4399
2020-10-05 08:10,161.64,161.8083,161.64,161.8,9746
2020-10-05 08:11,161.81,161.83,161.6911,161.76,2955
2020-10-05 08:12,161.7728,161.8099,161.73,161.74,5335
2020-10-05 08:13,161.7,161.78,161.65,161.7558,4539
2020-10-05 08:14,161.7899,161.89,161.76,161.8752,7549
2020-10-05 08:15,161.87,161.955,161.86,161.955,4715
2020-10-05 08:16,161.98,162.05,161.975,162.02,7014
2020-10-05 08:17,162.015,162.18,162.0077,162.175,8745
2020-10-05 08:18,162.17,162.27,162.15,162.23,9513
2020-10-05 08:19,162.24,162.31,162.23,162.23,6455
2020-10-05 08:20,162.25,162.26,162.14,162.165,7419
2020-10-05 08:21,162.19,162.19,162.03,162.065,7732
2020-10-05 08:22,162.02,162.18,162.02,162.165,3452
2020-10-05 08:23,162.14,162.14,161.98,162.03,7212
2020-10-05 08:24,162.053,162.0594,161.86,161.86,4213
2020-10-05 08:25,161.9131,161.94,161.84,161.88,4845
2020-10-05 08:26,161.92,161.998,161.91,161.9572,3815
2020-10-05 08:27,161.93,162.07,161.93,162.01,5392
2020-10-05 08:28,161.98,162.07,161.91,162.06,4579
2020-10-05 08:29,162.05,162.11,161.995,162.03,4725
2020-10-05 08:30,162.05,162.05,161.86,161.86,2465
2020-10-05 08:31,161.81,161.86,161.72,161.72,1833
2020-10-05 08:32,161.7527,161.76,161.68,161.76,4688
2020-10-05 08:33,161.7577,161.83,161.72,161.75,2055
2020-10-05 08:34,161.74,161.76,161.69,161.69,2120
2020-10-05 08:35,161.69,161.74,161.67,161.7,3206
2020-10-05 08:36,161.63,161.7,161.6195,161.7,7501
2020-10-05 08:37,161.685,161.725,161.66,161.71,2146
2020-10-05 08:38,161.72,161.7594,161.6153,161.6153,3739
2020-10-05 08:39,161.61,161.62,161.53,161.53,1819
2020-10-05 08:40,161.6,161.7297,161.6,161.7297,2823
2020-10-05 08:41,161.745,161.79,161.72,161.79,1298
2020-10-05 08:42,161.785,161.785,161.75,161.76,1294
2020-10-05 08:43,161.74,161.76,161.7,161.7413,6564
2020-10-05 08:44,161.75,161.8,161.74,161.8,2942
2020-10-05 08:45,161.71,161.83,161.71,161.79,3087
2020-10-05 08:46,161.81,161.83,161.78,161.79,2479
2020-10-05 08:47,161.81,161.81,161.7,161.78,8120
2020-10-05 08:48,161.7699,161.7699,161.62,161.62,3593
2020-10-05 08:49,161.62,161.6611,161.54,161.575,3531
2020-10-05 08:50,161.55,161.65,161.55,161.63,4307
2020-10-05 08:51,161.61,161.67,161.58,161.66,2004
2020-10-05 08:52,161.67,161.75,161.67,161.75,1752
2020-10-05 08:53,161.725,161.8,161.725,161.76,3529
2020-10-05 08:54,161.74,161.81,161.74,161.775,3369
2020-10-05 08:55,161.75,161.81,161.75,161.795,4147
2020-10-05 08:56,161.77,161.83,161.745,161.76,4884
2020-10-05 08:57,161.78,161.8,161.62,161.63,4516
2020-10-05 08:58,161.62,161.66,161.57,161.66,4961
2020-10-05 08:59,161.66,161.7,161.63,161.66,6479
2020-10-05 09:00,161.64,161.71,161.562,161.562,6215
2020-10-05 09:01,161.55,161.59,161.5259,161.54,5074
2020-10-05 09:02,161.55,161.619,161.5,161.5,12219
2020-10-05 09:03,161.43,161.45,161.375,161.375,4718
2020-10-05 09:04,161.36,161.445,161.36,161.379,11185
2020-10-05 09:05,161.38,161.445,161.38,161.41,3239
2020-10-05 09:06,161.44,161.465,161.4,161.4594,3526
2020-10-05 09:07,161.45,161.52,161.44,161.44,6818
2020-10-05 09:08,161.4788,161.4788,161.41,161.42,1994
2020-10-05 09:09,161.435,161.435,161.4,161.405,3783
2020-10-05 09:10,161.405,161.48,161.4,161.4,4514
2020-10-05 09:11,161.39,161.5,161.39,161.5,5332
2020-10-05 09:12,161.525,161.55,161.48,161.52,5645
2020-10-05 09:13,161.54,161.54,161.37,161.37,2546
2020-10-05 09:14,161.37,161.38,161.37,161.37,1544
2020-10-05 09:15,161.285,161.31,161.2141,161.24,10094
2020-10-05 09:16,161.285,161.31,161.25,161.26,2923
2020-10-05 09:17,161.27,161.28,161.16,161.16,1438
2020-10-05 09:18,161.17,161.2,161.14,161.2,3574
2020-10-05 09:19,161.2,161.24,161.19,161.22,12259
2020-10-05 09:20,161.26,161.27,161.195,161.195,2489
2020-10-05 09:21,161.21,161.21,161.1,161.1,1106
2020-10-05 09:22,161.1,161.18,161.1,161.145,2178
2020-10-05 09:23,161.11,161.22,161.11,161.195,2633
2020-10-05 09:24,161.19,161.23,161.16,161.16,1980
2020-10-05 09:25,161.1945,161.1945,161.05,161.05,1065
2020-10-05 09:26,161.106,161.11,161.05,161.05,1859
2020-10-05 09:27,161.075,161.11,161.03,161.085,2562
2020-10-05 09:28,161.04,161.04,160.995,160.995,1572
2020-10-05 09:29,160.92,160.98,160.85,160.85,6064
2020-10-05 09:30,160.865,160.91,160.865,160.88,2957
2020-10-05 09:31,160.9,160.9,160.77,160.805,3215
2020-10-05 09:32,160.77,160.84,160.73,160.812,11537
2020-10-05 09:33,160.7959,160.8299,160.7959,160.805,2676
2020-10-05 09:34,160.83,160.91,160.81,160.8792,6026
2020-10-05 09:35,160.875,160.89,160.84,160.89,2877
2020-10-05 09:36,160.86,160.94,160.86,160.93,2658
2020-10-05 09:37,160.91,160.93,160.82,160.82,2647
2020-10-05 09:38,160.82,160.83,160.73,160.77,4705
2020-10-05 09:39,160.77,160.77,160.74,160.7401,2180
2020-10-05 09:40,160.74,160.82,160.74,160.7686,2450
2020-10-05 09:41,160.769,160.769,160.69,160.7,2384
2020-10-05 09:42,160.715,160.76,160.69,160.76,3756
2020-10-05 09:43,160.72,160.795,160.72,160.795,1193
2020-10-05 09:44,160.81,160.88,160.81,160.88,2791
2020-10-05 09:45,160.88,160.88,160.81,160.825,3020
2020-10-05 09:46,160.85,160.88,160.82,160.8463,2632
2020-10-05 09:47,160.82,160.87,160.76,160.83,3018
2020-10-05 09:48,160.8438,160.87,160.79,160.84,1720
2020-10-05 09:49,160.84,160.84,160.7,160.73,3559
2020-10-05 09:50,160.74,160.75,160.7,160.73,1906
2020-10-05 09:51,160.71,160.76,160.71,160.76,1429
2020-10-05 09:52,160.75,160.79,160.75,160.7821,2148
2020-10-05 09:53,160.75,160.7828,160.7444,160.7828,2858
2020-10-05 09:54,160.75,160.76,160.74,160.76,1299
2020-10-05 09:55,160.74,160.83,160.74,160.79,4502
2020-10-05 09:56,160.82,160.83,160.796,160.796,1381
2020-10-05 09:57,160.845,160.94,160.845,160.94,2481
2020-10-05 09:58,160.91,160.95,160.86,160.86,4792
2020-10-05 09:59,160.86,160.95,160.86,160.93,2641
2020-10-05 10:00,160.945,160.98,160.945,160.97,1514
2020-10-05 10:01,160.92,160.95,160.86,160.925,3476
2020-10-05 10:02,160.92,160.94,160.845,160.8563,5489
2020-10-05 10:03,160.86,160.92,160.86,160.92,2017
2020-10-05 10:04,160.91,160.91,160.84,160.86,1340
2020-10-05 10:05,160.88,160.88,160.875,160.875,784
2020-10-05 10:06,160.84,160.88,160.83,160.8383,3776
2020-10-05 10:07,160.839,160.9089,160.79,160.84,5485
2020-10-05 10:08,160.88,160.885,160.8589,160.88,604
2020-10-05 10:09,160.85,160.85,160.8,160.84,2721
2020-10-05 10:10,160.8084,160.88,160.8084,160.85,3688
2020-10-05 10:11,160.84,160.87,160.8,160.8,1117
2020-10-05 10:12,160.84,160.84,160.76,160.76,1465
2020-10-05 10:13,160.785,160.91,160.785,160.885,4732
2020-10-05 10:14,160.87,160.87,160.83,160.87,2752
2020-10-05 10:15,160.86,160.86,160.8,160.8184,3762
2020-10-05 10:16,160.814,160.88,160.814,160.88,2549
2020-10-05 10:17,160.87,160.89,160.84,160.84,1680
2020-10-05 10:18,160.88,160.9,160.82,160.85,2469
2020-10-05 10:19,160.86,160.88,160.85,160.86,1811
2020-10-05 10:20,160.87,160.88,160.858,160.858,1729
2020-10-05 10:21,160.85,160.86,160.8,160.8,3103
2020-10-05 10:22,160.8,160.825,160.8,160.825,1154
2020-10-05 10:23,160.85,160.86,160.84,160.86,1000
2020-10-05 10:24,160.83,160.86,160.81,160.8151,2641
2020-10-05 10:25,160.842,160.85,160.81,160.81,1889
2020-10-05 10:26,160.8,160.94,160.8,160.94,4045
2020-10-05 10:27,160.905,160.92,160.87,160.92,3870
2020-10-05 10:28,160.905,160.91,160.885,160.885,1315
2020-10-05 10:29,160.9,160.92,160.9,160.913,1598
2020-10-05 10:30,160.89,161.24,160.885,161.17,30971
2020-10-05 10:31,161.14,161.23,161.06,161.06,9334
2020-10-05 10:32,161.0641,161.14,161.0641,161.14,1436
2020-10-05 10:33,161.2077,161.2077,161.09,161.1,2479
2020-10-05 10:34,161.12,161.21,161.107,161.21,2665
2020-10-05 10:35,161.245,161.3267,161.2,161.3267,1763
2020-10-05 10:36,161.34,161.3999,161.2,161.2,3512
2020-10-05 10:37,161.2001,161.28,161.19,161.28,1564
2020-10-05 10:38,161.2849,161.3097,161.25,161.25,987
2020-10-05 10:39,161.3099,161.39,161.305,161.35,4930
2020-10-05 10:40,161.34,161.36,161.3259,161.36,2861
2020-10-05 10:41,161.36,161.36,161.265,161.265,1500
2020-10-05 10:42,161.22,161.255,161.17,161.17,2456
2020-10-05 10:43,161.17,161.18,161.13,161.13,1882
2020-10-05 10:44,161.13,161.13,161.08,161.115,1054
2020-10-05 10:45,161.04,161.075,161.04,161.04,2215
2020-10-05 10:46,161.04,161.075,160.96,160.995,3467
2020-10-05 10:47,160.99,160.99,160.89,160.94,2067
2020-10-05 10:48,160.87,160.96,160.83,160.9,3893
2020-10-05 10:49,160.88,160.9402,160.88,160.9402,2721
2020-10-05 10:50,160.96,160.98,160.92,160.965,1736
2020-10-05 10:51,160.99,160.99,160.95,160.96,1578
2020-10-05 10:52,160.92,160.95,160.85,160.95,2343
2020-10-05 10:53,160.88,160.93,160.88,160.904,1516
2020-10-05 10:54,160.85,160.88,160.85,160.8765,1892
2020-10-05 10:55,160.87,160.87,160.79,160.805,3563
2020-10-05 10:56,160.73,160.8,160.73,160.77,2139
2020-10-05 10:57,160.77,160.79,160.68,160.72,1685
2020-10-05 10:58,160.72,160.74,160.69,160.7182,3506
2020-10-05 10:59,160.73,160.74,160.7,160.74,2002
2020-10-05 11:00,160.7,160.7514,160.7,160.7514,2884
2020-10-05 11:01,160.7,160.71,160.61,160.62,4660
2020-10-05 11:02,160.65,160.6514,160.58,160.59,2106
2020-10-05 11:03,160.58,160.645,160.58,160.61,1878
2020-10-05 11:04,160.61,160.68,160.61,160.66,2158
2020-10-05 11:05,160.66,160.67,160.58,160.58,16544
2020-10-05 11:06,160.62,160.64,160.58,160.64,7821
2020-10-05 11:07,160.675,160.73,160.62,160.69,12391
2020-10-05 11:08,160.7,160.97,160.675,160.9,6251
2020-10-05 11:09,160.885,160.95,160.88,160.94,3214
2020-10-05 11:10,160.946,161.01,160.946,160.985,3107
2020-10-05 11:11,160.985,160.985,160.91,160.91,1997
2020-10-05 11:12,160.89,160.945,160.89,160.92,2036
2020-10-05 11:13,160.93,161.0192,160.93,160.96,2390
2020-10-05 11:14,160.985,161.0599,160.985,161.05,2492
2020-10-05 11:15,161.05,161.05,161,161.015,2792
2020-10-05 11:16,161.02,161.085,161.02,161.044,2729
2020-10-05 11:17,161.045,161.2,161.045,161.19,9467
2020-10-05 11:18,161.14,161.15,160.995,161.04,10136
2020-10-05 11:19,161.06,161.085,161.05,161.05,1386
2020-10-05 11:20,161.0501,161.17,161.01,161.17,4151
2020-10-05 11:21,161.1689,161.1689,161.07,161.07,1973
2020-10-05 11:22,161.07,161.131,161.07,161.1216,3542
2020-10-05 11:23,161.124,161.26,161.05,161.21,3373
2020-10-05 11:24,161.205,161.25,161.17,161.17,1895
2020-10-05 11:25,161.16,161.24,161.16,161.18,2595
2020-10-05 11:26,161.14,161.2195,161.11,161.16,5590
2020-10-05 11:27,161.17,161.17,161.03,161.1,4975
2020-10-05 11:28,161.02,161.22,161.02,161.22,5534
2020-10-05 11:29,161.1601,161.2115,161.16,161.17,1750
2020-10-05 11:30,161.18,161.33,161.16,161.29,21205
2020-10-05 11:31,161.31,161.39,161.29,161.3498,5499
2020-10-05 11:32,161.353,161.353,161.2,161.225,2205
2020-10-05 11:33,161.19,161.26,161.19,161.19,7119
2020-10-05 11:34,161.15,161.31,161.15,161.25,4328
2020-10-05 11:35,161.22,161.22,161.19,161.19,1456
2020-10-05 11:36,161.205,161.25,161.14,161.14,2096
2020-10-05 11:37,161.14,161.27,161.135,161.21,6401
2020-10-05 11:38,161.18,161.2,161.11,161.13,2473
2020-10-05 11:39,161.145,161.15,161.0853,161.0858,2231
2020-10-05 11:40,161.08,161.1,161.02,161.09,3522
2020-10-05 11:41,161.1123,161.12,161.04,161.105,2706
2020-10-05 11:42,161.12,161.12,161.05,161.05,2045
2020-10-05 11:43,161.11,161.12,161.11,161.11,1638
2020-10-05 11:44,161.14,161.17,161.02,161.02,3620
2020-10-05 11:45,161.08,161.11,161.03,161.05,2523
2020-10-05 11:46,161.025,161.07,161.01,161.06,1589
2020-10-05 11:47,161.04,161.1,161.04,161.04,4401
2020-10-05 11:48,161.025,161.05,160.995,161.035,2770
2020-10-05 11:49,161.01,161.01,160.8784,160.8784,1892
2020-10-05 11:50,160.93,161,160.93,161,7982
2020-10-05 11:51,160.99,161.07,160.99,161.01,4031
2020-10-05 11:52,160.9499,160.985,160.8801,160.8801,3266
2020-10-05 11:53,160.92,160.96,160.92,160.93,2888
2020-10-05 11:54,160.9,160.95,160.9,160.94,1887
2020-10-05 11:55,160.96,161,160.94,160.98,2758
2020-10-05 11:56,160.985,160.99,160.96,160.96,5212
2020-10-05 11:57,160.97,161.03,160.95,160.985,7486
2020-10-05 11:58,160.98,161.045,160.965,161.0101,7212
2020-10-05 11:59,161.05,161.175,161.05,161.14,4579
2020-10-05 12:00,161.17,161.17,161.0399,161.085,3888
2020-10-05 12:01,161.1,161.16,161.1,161.16,1247
2020-10-05 12:02,161.13,161.15,161.08,161.08,3909
2020-10-05 12:03,161.12,161.16,161.1,161.1,2792
2020-10-05 12:04,161.14,161.1887,161.0864,161.1,2508
2020-10-05 12:05,161.095,161.11,161.0745,161.1,2364
2020-10-05 12:06,161.09,161.094,161.05,161.09,2007
2020-10-05 12:07,161.1,161.14,161.07,161.07,4216
2020-10-05 12:08,161.041,161.041,161.02,161.035,2174
2020-10-05 12:09,161.02,161.46,161.02,161.28,32865
2020-10-05 12:10,161.295,161.5,161.27,161.455,18595
2020-10-05 12:11,161.44,161.44,161.34,161.36,2961
2020-10-05 12:12,161.39,161.4599,161.35,161.35,3466
2020-10-05 12:13,161.29,161.35,161.28,161.3,3056
2020-10-05 12:14,161.32,161.4,161.32,161.385,5767
2020-10-05 12:15,161.41,161.49,161.4,161.4,3546
2020-10-05 12:16,161.4,161.41,161.27,161.32,8828
2020-10-05 12:17,161.325,161.33,161.19,161.22,3206
2020-10-05 12:18,161.25,161.28,161.25,161.26,2337
2020-10-05 12:19,161.25,161.25,161.175,161.1894,4004
2020-10-05 12:20,161.22,161.27,161.215,161.26,2117
2020-10-05 12:21,161.28,161.2935,161.26,161.2685,3232
2020-10-05 12:22,161.29,161.31,161.28,161.305,2993
2020-10-05 12:23,161.31,161.3278,161.3,161.3,3239
2020-10-05 12:24,161.3141,161.39,161.3141,161.39,2135
2020-10-05 12:25,161.39,161.43,161.34,161.39,6683
2020-10-05 12:26,161.38,161.43,161.38,161.41,4052
2020-10-05 12:27,161.4,161.41,161.33,161.4,4523
2020-10-05 12:28,161.42,161.5252,161.42,161.5252,4810
2020-10-05 12:29,161.54,161.545,161.39,161.465,5656
2020-10-05 12:30,161.44,161.45,161.43,161.44,2019
2020-10-05 12:31,161.42,161.45,161.37,161.43,5808
2020-10-05 12:32,161.42,161.44,161.37,161.44,6074
2020-10-05 12:33,161.45,161.45,161.35,161.365,3668
2020-10-05 12:34,161.35,161.37,161.26,161.37,4381
2020-10-05 12:35,161.38,161.44,161.38,161.42,4675
2020-10-05 12:36,161.43,161.44,161.355,161.38,6948
2020-10-05 12:37,161.38,161.43,161.35,161.425,3982
2020-10-05 12:38,161.42,161.43,161.37,161.37,4314
2020-10-05 12:39,161.38,161.38,161.285,161.315,7102
2020-10-05 12:40,161.34,161.36,161.29,161.325,5836
2020-10-05 12:41,161.327,161.365,161.2704,161.28,9948
2020-10-05 12:42,161.28,161.307,161.25,161.25,7687
2020-10-05 12:43,161.25,161.295,161.2,161.29,7266
2020-10-05 12:44,161.28,161.29,161.21,161.22,6100
2020-10-05 12:45,161.22,161.2867,161.22,161.24,10127
2020-10-05 12:46,161.25,161.29,161.24,161.24,5650
2020-10-05 12:47,161.24,161.29,161.24,161.27,8659
2020-10-05 12:48,161.275,161.3,161.2,161.3,12798
2020-10-05 12:49,161.3,161.36,161.245,161.36,5703
2020-10-05 12:50,161.425,161.435,161.37,161.38,19451
2020-10-05 12:51,161.39,161.45,161.38,161.42,9747
2020-10-05 12:52,161.45,161.48,161.44,161.45,17007
2020-10-05 12:53,161.46,161.47,161.45,161.47,17391
2020-10-05 12:54,161.46,161.585,161.46,161.58,20910
2020-10-05 12:55,161.58,161.59,161.34,161.3702,29554
2020-10-05 12:56,161.36,161.39,161.3,161.32,23249
2020-10-05 12:57,161.315,161.4446,161.315,161.43,15308
2020-10-05 12:58,161.435,161.48,161.435,161.45,23219
2020-10-05 12:59,161.45,161.51,161.38,161.44,34709
2020-10-06 06:30,161.47,161.49,161.4201,161.4201,80848
2020-10-06 06:31,161.473,161.86,161.44,161.44,16891
2020-10-06 06:32,161.43,161.58,161.29,161.35,3427
2020-10-06 06:33,161.3,161.35,161.04,161.17,5834
2020-10-06 06:34,161.2,161.29,161.17,161.22,2613
2020-10-06 06:35,161.21,161.21,161.07,161.165,9047
2020-10-06 06:36,161.26,161.4399,161.24,161.4399,2935
2020-10-06 06:37,161.41,161.44,161.267,161.37,3645
2020-10-06 06:38,161.275,161.4,161.16,161.16,1615
2020-10-06 06:39,161.15,161.24,161.11,161.175,4110
2020-10-06 06:40,161.23,161.4,161.23,161.2792,3680
2020-10-06 06:41,161.295,161.53,161.295,161.44,6721
2020-10-06 06:42,161.5,161.61,161.4,161.485,11616
2020-10-06 06:43,161.5,161.74,161.49,161.74,20584
2020-10-06 06:44,161.76,161.97,161.74,161.94,9000
2020-10-06 06:45,161.89,161.98,161.6961,161.75,9520
2020-10-06 06:46,161.71,161.84,161.63,161.63,8704
2020-10-06 06:47,161.63,161.63,161.5,161.535,4509
2020-10-06 06:48,161.535,161.58,161.3,161.33,7304
2020-10-06 06:49,161.3,161.52,161.3,161.445,13352
2020-10-06 06:50,161.4,161.63,161.39,161.6045,2930
2020-10-06 06:51,161.67,161.705,161.61,161.705,3778
2020-10-06 06:52,161.73,161.78,161.63,161.7394,7341
2020-10-06 06:53,161.725,161.75,161.63,161.71,4601
2020-10-06 06:54,161.71,161.86,161.71,161.74,8419
2020-10-06 06:55,161.84,161.84,161.54,161.575,6442
2020-10-06 06:56,161.5,161.58,161.46,161.52,6157
2020-10-06 06:57,161.49,161.68,161.46,161.635,6796
2020-10-06 06:58,161.6,161.68,161.53,161.53,8870
2020-10-06 06:59,161.58,161.66,161.58,161.65,2657
2020-10-06 07:00,161.6,161.71,161.6,161.62,7374
2020-10-06 07:01,161.57,161.57,161.35,161.38,8966
2020-10-06 07:02,161.38,161.38,161.23,161.24,8831
2020-10-06 07:03,161.275,161.275,161.14,161.21,8981
2020-10-06 07:04,161.21,161.29,161.19,161.24,5567
2020-10-06 07:05,161.23,161.25,161.2,161.2,3452
2020-10-06 07:06,161.24,161.28,161.21,161.21,5502
2020-10-06 07:07,161.25,161.38,161.22,161.3,6830
2020-10-06 07:08,161.3,161.3017,161.23,161.26,2330
2020-10-06 07:09,161.27,161.45,161.27,161.4213,5693
2020-10-06 07:10,161.42,161.485,161.4,161.485,5342
2020-10-06 07:11,161.4817,161.4817,161.39,161.405,4838
2020-10-06 07:12,161.385,161.47,161.38,161.38,3257
2020-10-06 07:13,161.37,161.37,161.28,161.28,4357
2020-10-06 07:14,161.26,161.3,161.23,161.3,3066
2020-10-06 07:15,161.27,161.39,161.26,161.37,8114
2020-10-06 07:16,161.385,161.45,161.385,161.425,6052
2020-10-06 07:17,161.45,161.55,161.45,161.55,6188
2020-10-06 07:18,161.525,161.58,161.5,161.58,7810
2020-10-06 07:19,161.55,161.59,161.48,161.52,7946
2020-10-06 07:20,161.51,161.56,161.505,161.52,3440
2020-10-06 07:21,161.5,161.52,161.39,161.425,4277
2020-10-06 07:22,161.3903,161.43,161.34,161.38,3185
2020-10-06 07:23,161.375,161.3899,161.29,161.35,3931
2020-10-06 07:24,161.344,161.38,161.29,161.325,6628
2020-10-06 07:25,161.33,161.36,161.29,161.35,4259
2020-10-06 07:26,161.3,161.37,161.3,161.301,4668
2020-10-06 07:27,161.305,161.33,161.27,161.29,4438
2020-10-06 07:28,161.27,161.28,161.09,161.09,12638
2020-10-06 07:29,161.1,161.1,160.96,160.97,9986
2020-10-06 07:30,160.94,161.01,160.9,160.975,11460
2020-10-06 07:31,160.985,161.105,160.985,161.015,3321
2020-10-06 07:32,161,161,160.939,160.99,3470
2020-10-06 07:33,160.955,160.98,160.73,160.8,12330
2020-10-06 07:34,160.83,160.83,160.7,160.76,3664
2020-10-06 07:35,160.725,160.725,160.65,160.69,7936
2020-10-06 07:36,160.67,160.71,160.57,160.57,14605
2020-10-06 07:37,160.51,160.54,160.44,160.515,8202
2020-10-06 07:38,160.54,160.57,160.49,160.56,7849
2020-10-06 07:39,160.6,160.61,160.55,160.55,6143
2020-10-06 07:40,160.55,160.585,160.475,160.585,7397
2020-10-06 07:41,160.57,160.57,160.52,160.53,6364
2020-10-06 07:42,160.52,160.56,160.49,160.49,4047
2020-10-06 07:43,160.55,160.55,159.86,160.07,14060
2020-10-06 07:44,160.07,160.08,159.94,160.02,7472
2020-10-06 07:45,160.035,160.25,160.035,160.19,5935
2020-10-06 07:46,160.24,160.375,160.19,160.26,11843
2020-10-06 07:47,160.18,160.19,160.11,160.15,5182
2020-10-06 07:48,160.11,160.2099,160.11,160.16,5780
2020-10-06 07:49,160.14,160.15,160.07,160.07,2922
2020-10-06 07:50,160.04,160.19,160.005,160.155,7277
2020-10-06 07:51,160.2,160.27,160.2,160.245,3433
2020-10-06 07:52,160.2425,160.2825,160.205,160.28,4202
2020-10-06 07:53,160.28,160.31,160.26,160.28,5603
2020-10-06 07:54,160.24,160.2532,160.18,160.2129,4936
2020-10-06 07:55,160.17,160.17,160.08,160.115,2971
2020-10-06 07:56,160.15,160.17,160.08,160.16,5811
2020-10-06 07:57,160.135,160.185,160.122,160.122,2961
2020-10-06 07:58,160.115,160.21,160.1,160.115,6519
2020-10-06 07:59,160.15,160.21,160.12,160.125,4787
2020-10-06 08:00,160.088,160.1499,160.08,160.14,8118
2020-10-06 08:01,160.14,160.4,160.1316,160.4,5881
2020-10-06 08:02,160.355,160.501,160.355,160.47,5397
2020-10-06 08:03,160.52,160.54,160.4217,160.495,3687
2020-10-06 08:04,160.48,160.5,160.41,160.445,4400
2020-10-06 08:05,160.445,160.45,160.33,160.38,4107
2020-10-06 08:06,160.41,160.41,160.32,160.34,3118
2020-10-06 08:07,160.31,160.31,160.25,160.255,3924
2020-10-06 08:08,160.27,160.27,160.14,160.215,6802
2020-10-06 08:09,160.21,160.26,160.18,160.18,3221
2020-10-06 08:10,160.195,160.29,160.16,160.29,5248
2020-10-06 08:11,160.26,160.3099,160.2,160.2785,5813
2020-10-06 08:12,160.245,160.31,160.24,160.3,3766
2020-10-06 08:13,160.2919,160.36,160.29,160.2925,4063
2020-10-06 08:14,160.25,160.4,160.235,160.4,5115
2020-10-06 08:15,160.3302,160.38,160.3219,160.36,8632
2020-10-06 08:16,160.35,160.37,160.28,160.35,6899
2020-10-06 08:17,160.37,160.5198,160.37,160.515,3173
2020-10-06 08:18,160.5184,160.57,160.515,160.57,4876
2020-10-06 08:19,160.58,160.69,160.56,160.69,5315
2020-10-06 08:20,160.67,160.81,160.67,160.715,5380
2020-10-06 08:21,160.76,160.76,160.69,160.73,2520
2020-10-06 08:22,160.71,160.71,160.58,160.615,10163
2020-10-06 08:23,160.6,160.65,160.575,160.61,7150
2020-10-06 08:24,160.63,160.63,160.57,160.57,3241
2020-10-06 08:25,160.52,160.76,160.5,160.65,8000
2020-10-06 08:26,160.679,160.7499,160.665,160.7499,2959
2020-10-06 08:27,160.7143,160.72,160.69,160.715,3350
2020-10-06 08:28,160.74,160.8599,160.74,160.8,3388
2020-10-06 08:29,160.83,160.89,160.83,160.86,2598
2020-10-06 08:30,160.865,160.96,160.8,160.84,10931
2020-10-06 08:31,160.81,160.85,160.78,160.8135,5316
2020-10-06 08:32,160.79,160.85,160.7601,160.7601,3580
2020-10-06 08:33,160.76,160.76,160.66,160.68,2977
2020-10-06 08:34,160.69,160.76,160.69,160.76,3059
2020-10-06 08:35,160.77,160.83,160.77,160.8164,2019
2020-10-06 08:36,160.78,160.815,160.745,160.745,2243
2020-10-06 08:37,160.72,160.8,160.69,160.8,9416
2020-10-06 08:38,160.81,160.81,160.77,160.81,3046
2020-10-06 08:39,160.79,160.795,160.76,160.775,2016
2020-10-06 08:40,160.755,160.755,160.66,160.66,4730
2020-10-06 08:41,160.68,160.75,160.68,160.7,5133
2020-10-06 08:42,160.705,160.705,160.6839,160.7,1354
2020-10-06 08:43,160.68,160.76,160.68,160.76,3415
2020-10-06 08:44,160.7565,160.78,160.74,160.74,3105
2020-10-06 08:45,160.73,160.8,160.71,160.765,7024
2020-10-06 08:46,160.79,160.82,160.785,160.82,1915
2020-10-06 08:47,160.85,160.86,160.56,160.56,13853
2020-10-06 08:48,160.5,160.55,160.5,160.515,1518
2020-10-06 08:49,160.49,160.54,160.45,160.485,5585
2020-10-06 08:50,160.485,160.485,160.36,160.365,4526
2020-10-06 08:51,160.33,160.375,160.28,160.34,5547
2020-10-06 08:52,160.41,160.43,160.41,160.43,1442
2020-10-06 08:53,160.45,160.45,160.3817,160.4,2593
2020-10-06 08:54,160.348,160.4,160.32,160.395,3205
2020-10-06 08:55,160.385,160.48,160.385,160.46,3578
2020-10-06 08:56,160.49,160.49,160.44,160.4401,3510
2020-10-06 08:57,160.45,160.5,160.44,160.5,3018
2020-10-06 08:58,160.47,160.52,160.47,160.51,3146
2020-10-06 08:59,160.51,160.57,160.5,160.56,5058
2020-10-06 09:00,160.52,160.68,160.5,160.67,9151
2020-10-06 09:01,160.65,160.65,160.62,160.64,2208
2020-10-06 09:02,160.55,160.55,160.52,160.55,1927
2020-10-06 09:03,160.57,160.74,160.57,160.74,3328
2020-10-06 09:04,160.71,160.74,160.67,160.74,1718
2020-10-06 09:05,160.71,160.8,160.71,160.8,4073
2020-10-06 09:06,160.87,160.88,160.835,160.88,1342
2020-10-06 09:07,160.88,160.94,160.87,160.94,2409
2020-10-06 09:08,160.91,160.96,160.9,160.96,2712
2020-10-06 09:09,160.95,160.99,160.95,160.96,2453
2020-10-06 09:10,160.955,160.97,160.92,160.935,4553
2020-10-06 09:11,160.91,160.94,160.91,160.935,2434
2020-10-06 09:12,160.935,160.98,160.935,160.95,2220
2020-10-06 09:13,160.98,161.06,160.96,161.06,3704
2020-10-06 09:14,161.045,161.045,160.96,160.96,1458
2020-10-06 09:15,160.95,161.02,160.95,161.02,4581
2020-10-06 09:16,161,161.06,160.98,161.06,3610
2020-10-06 09:17,161.03,161.035,160.92,160.92,3066
2020-10-06 09:18,160.94,161,160.94,161,3181
2020-10-06 09:19,161.02,161.05,161.02,161.05,1524
2020-10-06 09:20,161.09,161.165,161.065,161.15,4099
2020-10-06 09:21,161.14,161.24,161.14,161.16,3334
2020-10-06 09:22,161.1527,161.185,161.14,161.16,2937
2020-10-06 09:23,161.14,161.18,161.12,161.18,2436
2020-10-06 09:24,161.21,161.23,161.18,161.23,2791
2020-10-06 09:25,161.225,161.23,161.2,161.2,2203
2020-10-06 09:26,161.215,161.23,161.2,161.205,1819
2020-10-06 09:27,161.2,161.205,161.158,161.195,2028
2020-10-06 09:28,161.17,161.17,161.04,161.04,2181
2020-10-06 09:29,161.055,161.11,161.04,161.11,4851
2020-10-06 09:30,161.1,161.1,161.065,161.065,1218
2020-10-06 09:31,161.05,161.075,161.0201,161.055,2112
2020-10-06 09:32,161.05,161.05,160.955,160.955,1409
2020-10-06 09:33,160.97,161.04,160.92,161.03,5745
2020-10-06 09:34,161.07,161.07,160.99,160.99,803
2020-10-06 09:35,160.99,161.07,160.94,161.06,2908
2020-10-06 09:36,161.06,161.06,161.015,161.015,741
2020-10-06 09:37,161.03,161.04,161.025,161.025,1580
2020-10-06 09:38,161.025,161.0313,160.97,160.99,2362
2020-10-06 09:39,160.98,161.02,160.98,161.02,2816
2020-10-06 09:40,161.04,161.08,161.04,161.08,2163
2020-10-06 09:41,161.06,161.12,161.04,161.12,2018
2020-10-06 09:42,161.13,161.1577,161.12,161.1577,2424
2020-10-06 09:43,161.16,161.16,161.085,161.1271,3060
2020-10-06 09:44,161.14,161.14,161.11,161.115,743
2020-10-06 09:45,161.13,161.21,161.13,161.17,8302
2020-10-06 09:46,161.1999,161.2,161.15,161.155,1943
2020-10-06 09:47,161.162,161.162,161.12,161.1535,820
2020-10-06 09:48,161.17,161.33,161.17,161.28,5168
2020-10-06 09:49,161.315,161.315,161.25,161.2697,10456
2020-10-06 09:50,161.265,161.4,161.245,161.4,8107
2020-10-06 09:51,161.4,161.44,161.37,161.37,1810
2020-10-06 09:52,161.36,161.39,161.34,161.39,2680
2020-10-06 09:53,161.41,161.46,161.39,161.46,2436
2020-10-06 09:54,161.415,161.44,161.41,161.41,5359
2020-10-06 09:55,161.395,161.395,161.33,161.335,2982
2020-10-06 09:56,161.35,161.35,161.32,161.33,951
2020-10-06 09:57,161.3376,161.38,161.32,161.37,3814
2020-10-06 09:58,161.375,161.375,161.24,161.26,2698
2020-10-06 09:59,161.26,161.28,161.2,161.2,1914
2020-10-06 10:00,161.22,161.25,161.2,161.25,3631
2020-10-06 10:01,161.21,161.23,161.18,161.1935,3827
2020-10-06 10:02,161.17,161.17,161.13,161.14,1301
2020-10-06 10:03,161.12,161.12,161.05,161.0724,4127
2020-10-06 10:04,161.07,161.1,161.05,161.1,2694
2020-10-06 10:05,161.1,161.13,161.09,161.09,3391
2020-10-06 10:06,161.05,161.145,161.05,161.12,4663
2020-10-06 10:07,161.13,161.19,161.13,161.19,2354
2020-10-06 10:08,161.13,161.2,161.105,161.19,2510
2020-10-06 10:09,161.205,161.24,161.205,161.24,2736
2020-10-06 10:10,161.23,161.23,161.18,161.18,1826
2020-10-06 10:11,161.15,161.1586,161.15,161.1586,1887
2020-10-06 10:12,161.18,161.184,161.14,161.165,2431
2020-10-06 10:13,161.13,161.22,161.13,161.202,6153
2020-10-06 10:14,161.23,161.27,161.17,161.215,3657
2020-10-06 10:15,161.1991,161.23,161.18,161.21,2152
2020-10-06 10:16,161.11,161.15,161.11,161.11,1972
2020-10-06 10:17,161.13,161.16,161.13,161.155,2416
2020-10-06 10:18,161.17,161.17,161.1,161.1,1321
2020-10-06 10:19,161.11,161.12,161.04,161.12,3980
2020-10-06 10:20,161.11,161.12,161.08,161.09,1252
2020-10-06 10:21,161.05,161.1,161.04,161.1,3041
2020-10-06 10:22,161.11,161.22,161.11,161.22,4614
2020-10-06 10:23,161.195,161.2099,161.17,161.17,1364
2020-10-06 10:24,161.13,161.14,161.11,161.13,1911
2020-10-06 10:25,161.085,161.085,161.085,161.085,659
2020-10-06 10:26,161.08,161.1,161.07,161.1,2080
2020-10-06 10:27,161.09,161.1,161.07,161.075,1854
2020-10-06 10:28,161.03,161.04,160.93,160.93,4403
2020-10-06 10:29,160.935,160.99,160.935,160.96,4401
2020-10-06 10:30,160.98,160.99,160.95,160.96,1938
2020-10-06 10:31,160.98,161,160.91,160.9167,2530
2020-10-06 10:32,160.905,160.96,160.87,160.96,3364
2020-10-06 10:33,160.955,160.96,160.935,160.935,1399
2020-10-06 10:34,160.91,160.97,160.91,160.945,1604
2020-10-06 10:35,160.935,160.98,160.93,160.98,1980
2020-10-06 10:36,160.95,160.97,160.945,160.96,1483
2020-10-06 10:37,160.9753,161.01,160.93,161.01,2810
2020-10-06 10:38,161.0139,161.03,161,161.01,1464
2020-10-06 10:39,161,161.04,161,161.01,7253
2020-10-06 10:40,160.99,161.1123,160.96,161.095,5653
2020-10-06 10:41,161.08,161.23,161.08,161.15,2114
2020-10-06 10:42,161.14,161.25,161.14,161.235,4666
2020-10-06 10:43,161.235,161.235,161.095,161.15,4587
2020-10-06 10:44,161.1668,161.19,161.1382,161.1805,4178
2020-10-06 10:45,161.2,161.2051,161.105,161.105,6595
2020-10-06 10:46,161.11,161.12,161.065,161.065,2624
2020-10-06 10:47,161.04,161.065,160.9813,161.0075,3966
2020-10-06 10:48,161.06,161.06,161,161.005,1346
2020-10-06 10:49,161,161.04,161,161.03,2657
2020-10-06 10:50,161.05,161.09,161.05,161.05,3349
2020-10-06 10:51,160.98,161.06,160.97,161.01,1504
2020-10-06 10:52,161.015,161.112,161.015,161.11,4855
2020-10-06 10:53,161.11,161.11,161.04,161.04,1375
2020-10-06 10:54,161.014,161.014,160.94,160.94,2366
2020-10-06 10:55,160.97,161.01,160.9525,161,4849
2020-10-06 10:56,160.989,161.1,160.989,161.065,2132
2020-10-06 10:57,161.06,161.07,161.03,161.035,2279
2020-10-06 10:58,161.008,161.02,160.965,160.965,2255
2020-10-06 10:59,160.95,161.01,160.92,160.945,3928
2020-10-06 11:00,160.945,160.945,160.9,160.91,3013
2020-10-06 11:01,160.94,160.95,160.87,160.9,5216
2020-10-06 11:02,160.89,160.94,160.88,160.89,5489
2020-10-06 11:03,160.93,160.97,160.905,160.905,2764
2020-10-06 11:04,160.91,160.93,160.885,160.93,2758
2020-10-06 11:05,160.895,160.963,160.88,160.94,3207
2020-10-06 11:06,160.9101,160.9833,160.88,160.9833,5571
2020-10-06 11:07,160.98,160.99,160.93,160.97,7572
2020-10-06 11:08,160.935,161.045,160.93,161.045,7119
2020-10-06 11:09,161.045,161.045,160.99,161.015,3076
2020-10-06 11:10,161.04,161.095,161.04,161.08,2860
2020-10-06 11:11,161.1,161.16,161.095,161.1442,2769
2020-10-06 11:12,161.1285,161.1285,161.06,161.06,3598
2020-10-06 11:13,161.04,161.06,161.02,161.0298,1712
2020-10-06 11:14,160.99,161.12,160.95,161.12,7325
2020-10-06 11:15,161.1,161.125,161.05,161.125,3229
2020-10-06 11:16,161.1,161.17,161.09,161.17,3467
2020-10-06 11:17,161.15,161.15,161.11,161.125,2389
2020-10-06 11:18,161.115,161.15,161.085,161.15,10692
2020-10-06 11:19,161.14,161.16,161.135,161.15,2621
2020-10-06 11:20,161.16,161.28,161.14,161.25,4798
2020-10-06 11:21,161.245,161.31,161.2426,161.295,6878
2020-10-06 11:22,161.295,161.32,161.26,161.3122,3698
2020-10-06 11:23,161.315,161.315,161.31,161.31,1613
2020-10-06 11:24,161.3071,161.3616,161.3071,161.345,5315
2020-10-06 11:25,161.38,161.39,161.365,161.39,3893
2020-10-06 11:26,161.382,161.382,161.345,161.345,2391
2020-10-06 11:27,161.35,161.35,161.28,161.3,3376
2020-10-06 11:28,161.29,161.3,161.19,161.19,2935
2020-10-06 11:29,161.22,161.22,161.15,161.165,4014
2020-10-06 11:30,161.16,161.21,161.15,161.16,2258
2020-10-06 11:31,161.15,161.15,161.01,161.06,9091
2020-10-06 11:32,161.045,161.17,161.045,161.0956,5556
2020-10-06 11:33,161.13,161.2,161.12,161.15,2583
2020-10-06 11:34,161.15,161.16,161.1,161.1,2686
2020-10-06 11:35,161.1099,161.14,161.08,161.12,2895
2020-10-06 11:36,161.115,161.14,161.095,161.1,3885
2020-10-06 11:37,161.12,161.1798,161.12,161.1798,3720
2020-10-06 11:38,161.18,161.26,161.18,161.215,4673
2020-10-06 11:39,161.235,161.235,161.17,161.17,1575
2020-10-06 11:40,161.165,161.21,161.165,161.2029,3374
2020-10-06 11:41,161.19,161.205,161.1601,161.17,6611
2020-10-06 11:42,161.18,161.29,161.17,161.28,8805
2020-10-06 11:43,161.28,161.37,161.28,161.3425,2892
2020-10-06 11:44,161.36,161.36,161.335,161.335,1436
2020-10-06 11:45,161.34,161.37,161.325,161.35,2600
2020-10-06 11:46,161.36,161.39,161.35,161.39,4420
2020-10-06 11:47,161.37,161.4,161.37,161.4,479
2020-10-06 11:48,161.37,161.39,161.06,161.13,11676
2020-10-06 11:49,161.11,161.18,160.675,160.76,15896
2020-10-06 11:50,160.705,160.705,160.17,160.195,20263
2020-10-06 11:51,160.19,160.3,159.75,159.76,35159
2020-10-06 11:52,159.76,159.76,159.17,159.335,65203
2020-10-06 11:53,159.335,159.55,159.16,159.2112,54865
2020-10-06 11:54,159.12,159.18,157.94,158.015,64179
2020-10-06 11:55,158.01,158.42,157.77,158.205,30389
2020-10-06 11:56,158.12,158.26,157.94,158.08,9950
2020-10-06 11:57,158.22,158.55,158.07,158.55,15264
2020-10-06 11:58,158.375,159.03,158.375,158.9,16033
2020-10-06 11:59,158.84,158.94,158.32,158.6,7747
2020-10-06 12:00,158.56,158.61,158.2661,158.34,13551
2020-10-06 12:01,158.39,158.46,157.975,158.04,10213
2020-10-06 12:02,157.97,158.38,157.9611,158.31,9764
2020-10-06 12:03,158.3,158.49,158.0933,158.144,4760
2020-10-06 12:04,158.063,158.3,158.04,158.13,11628
2020-10-06 12:05,158.07,158.23,157.9081,158.13,7970
2020-10-06 12:06,158.15,158.1904,157.61,157.78,19233
2020-10-06 12:07,157.92,157.96,157.69,157.725,4221
2020-10-06 12:08,157.69,157.87,157.69,157.7201,10392
2020-10-06 12:09,157.775,158.07,157.7701,158.06,13853
2020-10-06 12:10,157.99,158.34,157.87,158.26,6099
2020-10-06 12:11,158.1993,158.38,158.05,158.38,7727
2020-10-06 12:12,158.4,158.57,158.32,158.46,7390
2020-10-06 12:13,158.52,158.58,158.315,158.34,13665
2020-10-06 12:14,158.38,158.51,158.36,158.455,5837
2020-10-06 12:15,158.35,158.38,158.23,158.34,9530
2020-10-06 12:16,158.34,158.34,158.03,158.17,7469
2020-10-06 12:17,158.12,158.48,158.12,158.19,11916
2020-10-06 12:18,158.1942,158.31,158.13,158.27,8535
2020-10-06 12:19,158.265,158.265,158.01,158.0483,9749
2020-10-06 12:20,158.05,158.155,157.9,157.9,10161
2020-10-06 12:21,157.92,158.17,157.89,158.17,9389
2020-10-06 12:22,158.16,158.205,158.0082,158.03,6824
2020-10-06 12:23,158.02,158.22,157.985,158.13,7973
2020-10-06 12:24,158.06,158.06,157.877,157.877,6798
2020-10-06 12:25,157.919,158,157.89,157.92,10818
2020-10-06 12:26,157.92,158.047,157.8391,158,10151
2020-10-06 12:27,158.09,158.2,157.9992,158.1836,6794
2020-10-06 12:28,158.185,158.2105,158,158.12,12754
2020-10-06 12:29,158.06,158.13,158.04,158.105,7435
2020-10-06 12:30,158.07,158.185,157.98,158.18,13624
2020-10-06 12:31,158.09,158.44,158.09,158.44,7673
2020-10-06 12:32,158.46,158.46,158.25,158.37,10231
2020-10-06 12:33,158.34,158.57,158.33,158.545,8906
2020-10-06 12:34,158.58,158.71,158.507,158.68,7221
2020-10-06 12:35,158.61,158.76,158.5,158.76,14094
2020-10-06 12:36,158.7,158.72,158.61,158.61,10180
2020-10-06 12:37,158.57,158.61,158.45,158.51,9744
2020-10-06 12:38,158.55,158.65,158.55,158.58,5750
2020-10-06 12:39,158.6,158.6,158.43,158.48,10130
2020-10-06 12:40,158.5,158.55,158.34,158.35,15275
2020-10-06 12:41,158.36,158.375,158.23,158.37,13117
2020-10-06 12:42,158.365,158.4743,158.18,158.425,11525
2020-10-06 12:43,158.4799,158.49,158.38,158.42,11625
2020-10-06 12:44,158.39,158.39,158.27,158.33,10690
2020-10-06 12:45,158.32,158.4,158.17,158.17,16211
2020-10-06 12:46,158.2,158.2,157.9,158.07,17361
2020-10-06 12:47,158.11,158.26,158,158.04,13006
2020-10-06 12:48,158.06,158.24,158.04,158.14,11820
2020-10-06 12:49,158.145,158.2,158.04,158.2,17083
2020-10-06 12:50,158.16,158.16,157.92,158.06,35040
2020-10-06 12:51,158.06,158.28,158.06,158.24,19875
2020-10-06 12:52,158.28,158.38,158.24,158.285,18210
2020-10-06 12:53,158.27,158.41,158.23,158.26,30094
2020-10-06 12:54,158.28,158.74,158.28,158.72,32158
2020-10-06 12:55,158.75,158.75,158.38,158.49,34111
2020-10-06 12:56,158.49,158.57,158.36,158.54,24870
2020-10-06 12:57,158.51,158.63,158.46,158.58,30243
2020-10-06 12:58,158.575,158.575,158.45,158.54,26886
2020-10-06 12:59,158.54,158.64,158.29,158.3,43120
2020-10-07 06:31,160.06,161,160,160.87,86090
2020-10-07 06:32,161,161.6,160.845,160.845,19681
2020-10-07 06:33,160.845,160.96,160.7501,160.7501,6677
2020-10-07 06:34,160.99,161.22,160.61,160.84,8074
2020-10-07 06:35,160.84,161.38,160.735,161.35,21020
2020-10-07 06:36,161.34,161.35,161.195,161.2104,4456
2020-10-07 06:37,161.2124,161.38,161.15,161.275,18198
2020-10-07 06:38,161.19,161.38,160.8192,161.38,18300
2020-10-07 06:39,161.23,161.252,161.17,161.25,1766
2020-10-07 06:40,161.115,161.38,161,161.38,9917
2020-10-07 06:41,161.5,161.53,161.3985,161.4583,2282
2020-10-07 06:42,161.4,161.4,161.25,161.355,2583
2020-10-07 06:43,161.37,161.4,161.26,161.3,6709
2020-10-07 06:44,161.27,161.33,161.02,161.05,3737
2020-10-07 06:45,160.96,160.98,160.83,160.92,2686
2020-10-07 06:46,160.92,160.955,160.82,160.827,2860
2020-10-07 06:47,160.82,160.94,160.7,160.94,6344
2020-10-07 06:48,160.88,160.905,160.71,160.79,5385
2020-10-07 06:49,160.81,160.84,160.76,160.78,5856
2020-10-07 06:50,160.76,160.76,160.49,160.49,8310
2020-10-07 06:51,160.41,160.46,160.4,160.4,3816
2020-10-07 06:52,160.41,160.635,160.32,160.59,7592
2020-10-07 06:53,160.61,160.83,160.61,160.83,4650
2020-10-07 06:54,160.799,160.915,160.799,160.82,3467
2020-10-07 06:55,160.825,161.06,160.825,160.995,4934
2020-10-07 06:56,160.995,161.12,160.995,161.12,3567
2020-10-07 06:57,161.14,161.23,161.1,161.17,3607
2020-10-07 06:58,161.14,161.27,161,161.05,7578
2020-10-07 06:59,161.09,161.18,160.97,160.98,8646
2020-10-07 07:00,160.98,161.09,160.98,161.05,4535
2020-10-07 07:01,160.96,161.0082,160.87,160.9737,4151
2020-10-07 07:02,160.985,161.07,160.74,160.74,10929
2020-10-07 07:03,160.61,160.75,160.35,160.3518,10989
2020-10-07 07:04,160.405,160.69,160.35,160.56,13373
2020-10-07 07:05,160.57,160.635,160.5,160.55,11332
2020-10-07 07:06,160.52,160.55,160.34,160.34,11940
2020-10-07 07:07,160.34,160.39,160.16,160.19,8372
2020-10-07 07:08,160.17,160.223,160.1,160.14,9956
2020-10-07 07:09,160.165,160.1732,160.09,160.09,2229
2020-10-07 07:10,160.16,160.27,160.11,160.225,3665
2020-10-07 07:11,160.225,160.225,159.94,159.99,13658
2020-10-07 07:12,160,160.04,159.84,159.84,11287
2020-10-07 07:13,159.85,159.871,159.61,159.82,19329
2020-10-07 07:14,159.98,159.98,159.87,159.875,3060
2020-10-07 07:15,159.88,160.09,159.86,160.09,6295
2020-10-07 07:16,160.095,160.26,160.095,160.26,3900
2020-10-07 07:17,160.275,160.33,160.2,160.28,9596
2020-10-07 07:18,160.23,160.51,160.23,160.445,3143
2020-10-07 07:19,160.39,160.6,160.39,160.6,3773
2020-10-07 07:20,160.76,160.76,160.52,160.5592,4660
2020-10-07 07:21,160.57,160.7568,160.57,160.7568,5501
2020-10-07 07:22,160.7373,160.82,160.7,160.7,2988
2020-10-07 07:23,160.71,160.71,160.65,160.65,3648
2020-10-07 07:24,160.6,160.73,160.46,160.685,3820
2020-10-07 07:25,160.63,160.82,160.63,160.795,3180
2020-10-07 07:26,160.8,160.86,160.78,160.825,4981
2020-10-07 07:27,160.825,161,160.825,160.93,5149
2020-10-07 07:28,160.92,161.03,160.89,160.96,5409
2020-10-07 07:29,161,161.05,160.877,161.05,5541
2020-10-07 07:30,160.97,161.25,160.89,161.2,5375
2020-10-07 07:31,161.16,161.16,161.065,161.065,2607
2020-10-07 07:32,161.15,161.31,161.15,161.28,4782
2020-10-07 07:33,161.285,161.285,161.21,161.24,5594
2020-10-07 07:34,161.235,161.235,161.13,161.13,1810
2020-10-07 07:35,161.1,161.15,161.1,161.1142,4824
2020-10-07 07:36,161.1199,161.18,161.0901,161.18,3144
2020-10-07 07:37,161.185,161.2182,161.09,161.09,5435
2020-10-07 07:38,161.09,161.155,161.09,161.14,2460
2020-10-07 07:39,161.1347,161.1347,161.005,161.03,3955
2020-10-07 07:40,161.04,161.07,160.865,161.01,8442
2020-10-07 07:41,161.045,161.15,161.045,161.1,3228
2020-10-07 07:42,161.1,161.2013,161.1,161.18,3335
2020-10-07 07:43,161.205,161.205,161.1,161.1,3132
2020-10-07 07:44,161.11,161.2,161.11,161.2,3524
2020-10-07 07:45,161.205,161.33,161.205,161.33,3055
2020-10-07 07:46,161.335,161.4,161.28,161.4,4708
2020-10-07 07:47,161.385,161.42,161.28,161.42,5101
2020-10-07 07:48,161.4,161.51,161.4,161.5024,4923
2020-10-07 07:49,161.5099,161.5099,161.415,161.435,2490
2020-10-07 07:50,161.437,161.48,161.435,161.45,3354
2020-10-07 07:51,161.435,161.476,161.435,161.475,5142
2020-10-07 07:52,161.4648,161.51,161.4,161.43,8135
2020-10-07 07:53,161.47,161.55,161.47,161.51,3978
2020-10-07 07:54,161.43,161.43,161.27,161.27,4139
2020-10-07 07:55,161.25,161.25,161.095,161.095,5231
2020-10-07 07:56,161.065,161.175,161.06,161.175,6492
2020-10-07 07:57,161.175,161.255,161.1501,161.255,2623
2020-10-07 07:58,161.254,161.2834,161.16,161.16,2094
2020-10-07 07:59,161.205,161.23,161.1877,161.19,2857
2020-10-07 08:00,161.195,161.255,161.1637,161.255,9222
2020-10-07 08:01,161.18,161.24,161.16,161.2,2340
2020-10-07 08:02,161.1726,161.3,161.1726,161.27,4124
2020-10-07 08:03,161.33,161.365,161.26,161.33,3514
2020-10-07 08:04,161.3199,161.34,161.29,161.309,2039
2020-10-07 08:05,161.345,161.38,161.3301,161.3301,4251
2020-10-07 08:06,161.35,161.44,161.33,161.44,1741
2020-10-07 08:07,161.34,161.37,161.255,161.255,3861
2020-10-07 08:08,161.245,161.25,161.2,161.2,3564
2020-10-07 08:09,161.17,161.17,161.1,161.1,1557
2020-10-07 08:10,161.11,161.16,161.065,161.075,5376
2020-10-07 08:11,161.05,161.21,161.04,161.16,47442
2020-10-07 08:12,161.23,161.24,161.23,161.24,574
2020-10-07 08:13,161.24,161.25,161.01,161.1,6402
2020-10-07 08:14,161.045,161.06,161.015,161.04,2080
2020-10-07 08:15,160.971,161.01,160.97,161.01,3464
2020-10-07 08:16,161.015,161.03,160.97,161.02,3278
2020-10-07 08:17,161.04,161.09,161.03,161.06,1173
2020-10-07 08:18,161.08,161.12,161.02,161.02,3771
2020-10-07 08:19,160.97,160.99,160.97,160.99,862
2020-10-07 08:20,161,161,160.805,160.81,6522
2020-10-07 08:21,160.82,160.83,160.8,160.8,3171
2020-10-07 08:22,160.76,160.8,160.74,160.765,3491
2020-10-07 08:23,160.79,160.89,160.79,160.89,1967
2020-10-07 08:24,160.9,160.95,160.9,160.95,922
2020-10-07 08:25,161.015,161.1,160.98,161.085,1650
2020-10-07 08:26,161.06,161.075,160.95,160.95,4298
2020-10-07 08:27,160.97,161.0274,160.93,160.985,5134
2020-10-07 08:28,160.95,161.07,160.95,161.07,853
2020-10-07 08:29,161.16,161.24,161.16,161.1961,1350
2020-10-07 08:30,161.23,161.3,161.23,161.285,1724
2020-10-07 08:31,161.31,161.33,161.23,161.23,4836
2020-10-07 08:32,161.226,161.3,161.226,161.26,5533
2020-10-07 08:33,161.29,161.33,161.265,161.3,1844
2020-10-07 08:34,161.3302,161.42,161.3203,161.42,6586
2020-10-07 08:35,161.32,161.34,161.25,161.295,2748
2020-10-07 08:36,161.28,161.4,161.28,161.32,3950
2020-10-07 08:37,161.335,161.342,161.25,161.25,3886
2020-10-07 08:38,161.25,161.285,161.19,161.2,4476
2020-10-07 08:39,161.2,161.22,161.16,161.22,2108
2020-10-07 08:40,161.23,161.34,161.19,161.3,4228
2020-10-07 08:41,161.36,161.36,161.27,161.27,4425
2020-10-07 08:42,161.27,161.31,161.25,161.29,1796
2020-10-07 08:43,161.28,161.295,161.27,161.295,1410
2020-10-07 08:44,161.32,161.35,161.2725,161.32,3509
2020-10-07 08:45,161.32,161.36,161.25,161.35,2726
2020-10-07 08:46,161.32,161.36,161.3,161.36,1143
2020-10-07 08:47,161.32,161.33,161.175,161.175,3329
2020-10-07 08:48,161.19,161.19,161.03,161.06,6349
2020-10-07 08:49,161.07,161.09,160.92,160.955,7150
2020-10-07 08:50,160.94,161.01,160.88,160.88,5389
2020-10-07 08:51,160.9,160.945,160.9,160.935,4474
2020-10-07 08:52,160.95,160.95,160.8,160.82,3940
2020-10-07 08:53,160.805,160.83,160.78,160.78,7290
2020-10-07 08:54,160.78,160.813,160.78,160.78,2364
2020-10-07 08:55,160.76,160.76,160.6874,160.6874,1587
2020-10-07 08:56,160.71,160.71,160.53,160.53,6697
2020-10-07 08:57,160.525,160.535,160.43,160.43,4173
2020-10-07 08:58,160.41,160.425,160.33,160.355,11918
2020-10-07 08:59,160.355,160.355,160.24,160.24,16865
2020-10-07 09:00,160.22,160.52,160.205,160.4599,36498
2020-10-07 09:01,160.46,160.675,160.46,160.63,4427
2020-10-07 09:02,160.71,160.74,160.64,160.6815,2325
2020-10-07 09:03,160.69,160.69,160.56,160.59,6483
2020-10-07 09:04,160.56,160.5675,160.49,160.49,2409
2020-10-07 09:05,160.4,160.47,160.3675,160.3675,5885
2020-10-07 09:06,160.34,160.34,160.25,160.26,2280
2020-10-07 09:07,160.22,160.22,160.17,160.17,2037
2020-10-07 09:08,160.2,160.2,160.1341,160.1341,1160
2020-10-07 09:09,160.1213,160.1213,160.1097,160.11,920
2020-10-07 09:10,160.113,160.23,160.095,160.14,4055
2020-10-07 09:11,160.165,160.21,160.11,160.13,2563
2020-10-07 09:12,160.16,160.17,160.14,160.15,1178
2020-10-07 09:13,160.175,160.18,160.14,160.14,2376
2020-10-07 09:14,160.145,160.24,160.14,160.18,4798
2020-10-07 09:15,160.22,160.36,160.19,160.35,8637
2020-10-07 09:16,160.26,160.355,160.25,160.355,1931
2020-10-07 09:17,160.37,160.41,160.35,160.3641,3654
2020-10-07 09:18,160.35,160.51,160.35,160.51,3147
2020-10-07 09:19,160.48,160.5,160.4354,160.48,2898
2020-10-07 09:20,160.485,160.49,160.43,160.43,1675
2020-10-07 09:21,160.375,160.375,160.26,160.32,4175
2020-10-07 09:22,160.33,160.391,160.33,160.365,2428
2020-10-07 09:23,160.36,160.39,160.28,160.28,4115
2020-10-07 09:24,160.31,160.31,160.22,160.25,4020
2020-10-07 09:25,160.26,160.35,160.26,160.3,2647
2020-10-07 09:26,160.31,160.42,160.28,160.34,3506
2020-10-07 09:27,160.21,160.26,160,160.22,5378
2020-10-07 09:28,160.2,160.28,160.19,160.19,2026
2020-10-07 09:29,160.28,160.5,160.24,160.45,1784
2020-10-07 09:30,160.4,160.47,160.35,160.4,3927
2020-10-07 09:31,160.43,160.44,160.39,160.4,6524
2020-10-07 09:32,160.46,160.48,160.41,160.41,2608
2020-10-07 09:33,160.47,160.48,160.46,160.47,1159
2020-10-07 09:34,160.43,160.49,160.43,160.48,1540
2020-10-07 09:35,160.46,160.46,160.35,160.35,3137
2020-10-07 09:36,160.355,160.435,160.355,160.435,3100
2020-10-07 09:37,160.48,160.51,160.43,160.43,3340
2020-10-07 09:38,160.45,160.52,160.45,160.48,1537
2020-10-07 09:39,160.5,160.63,160.5,160.53,1783
2020-10-07 09:40,160.47,160.51,160.47,160.47,2134
2020-10-07 09:41,160.4307,160.48,160.4115,160.435,1746
2020-10-07 09:42,160.46,160.48,160.42,160.44,3760
2020-10-07 09:43,160.41,160.485,160.36,160.45,3934
2020-10-07 09:44,160.465,160.5199,160.45,160.5191,3789
2020-10-07 09:45,160.48,160.55,160.48,160.53,2710
2020-10-07 09:46,160.55,160.63,160.55,160.63,2685
2020-10-07 09:47,160.66,160.66,160.5219,160.5219,3342
2020-10-07 09:48,160.57,160.62,160.57,160.59,2160
2020-10-07 09:49,160.59,160.59,160.47,160.5699,1158
2020-10-07 09:50,160.55,160.57,160.5,160.5,3963
2020-10-07 09:51,160.48,160.51,160.46,160.48,1914
2020-10-07 09:52,160.485,160.52,160.46,160.495,3757
2020-10-07 09:53,160.5175,160.52,160.4843,160.49,2564
2020-10-07 09:54,160.48,160.51,160.45,160.48,4028
2020-10-07 09:55,160.495,160.57,160.495,160.5411,1628
2020-10-07 09:56,160.55,160.64,160.55,160.615,3558
2020-10-07 09:57,160.6273,160.65,160.5,160.53,5959
2020-10-07 09:58,160.49,160.49,160.46,160.46,3587
2020-10-07 09:59,160.47,160.6,160.4499,160.57,2920
2020-10-07 10:00,160.61,160.7,160.61,160.7,2754
2020-10-07 10:01,160.7,160.8,160.69,160.775,2729
2020-10-07 10:02,160.775,160.775,160.745,160.75,1501
2020-10-07 10:03,160.72,160.77,160.695,160.77,1646
2020-10-07 10:04,160.775,160.79,160.775,160.785,856
2020-10-07 10:05,160.7675,160.7675,160.73,160.73,1595
2020-10-07 10:06,160.7,160.7,160.63,160.63,1999
2020-10-07 10:07,160.605,160.605,160.6,160.6,652
2020-10-07 10:08,160.59,160.6,160.56,160.56,3208
2020-10-07 10:09,160.56,160.565,160.56,160.56,1321
2020-10-07 10:10,160.56,160.56,160.51,160.55,2900
2020-10-07 10:11,160.58,160.58,160.51,160.51,3343
2020-10-07 10:12,160.55,160.6,160.55,160.5916,2189
2020-10-07 10:13,160.61,160.67,160.61,160.66,1177
2020-10-07 10:14,160.65,160.65,160.6,160.62,1867
2020-10-07 10:15,160.61,160.63,160.59,160.59,1422
2020-10-07 10:16,160.59,160.595,160.548,160.58,1579
2020-10-07 10:17,160.625,160.625,160.625,160.625,462
2020-10-07 10:18,160.63,160.664,160.63,160.664,1499
2020-10-07 10:19,160.655,160.72,160.635,160.72,1871
2020-10-07 10:20,160.71,160.72,160.7,160.72,1370
2020-10-07 10:21,160.71,160.74,160.63,160.67,4494
2020-10-07 10:22,160.7,160.71,160.65,160.65,1833
2020-10-07 10:23,160.7,160.705,160.69,160.705,1660
2020-10-07 10:24,160.73,160.753,160.72,160.753,2432
2020-10-07 10:25,160.755,160.765,160.665,160.72,3573
2020-10-07 10:26,160.72,160.7497,160.66,160.66,1711
2020-10-07 10:27,160.67,160.685,160.6,160.6,1815
2020-10-07 10:28,160.61,160.63,160.575,160.611,2435
2020-10-07 10:29,160.65,160.65,160.58,160.6421,3199
2020-10-07 10:30,160.66,160.69,160.65,160.69,2265
2020-10-07 10:31,160.69,160.72,160.67,160.67,2828
2020-10-07 10:32,160.68,160.78,160.68,160.76,2077
2020-10-07 10:33,160.78,160.8017,160.77,160.8,1551
2020-10-07 10:34,160.78,160.83,160.78,160.78,3035
2020-10-07 10:35,160.805,160.84,160.79,160.79,1832
2020-10-07 10:36,160.82,160.85,160.8058,160.8058,2453
2020-10-07 10:37,160.82,160.88,160.8,160.86,1851
2020-10-07 10:38,160.86,160.95,160.83,160.89,10567
2020-10-07 10:39,160.94,160.94,160.89,160.89,2617
2020-10-07 10:40,160.87,160.87,160.71,160.7574,3315
2020-10-07 10:41,160.79,160.82,160.77,160.77,3572
2020-10-07 10:42,160.75,160.795,160.73,160.76,3579
2020-10-07 10:43,160.73,160.73,160.66,160.68,5025
2020-10-07 10:44,160.65,160.86,160.65,160.82,10842
2020-10-07 10:45,160.82,160.82,160.76,160.81,3940
2020-10-07 10:46,160.83,160.86,160.83,160.855,1742
2020-10-07 10:47,160.8451,160.88,160.785,160.88,4743
2020-10-07 10:48,160.9,160.95,160.88,160.93,2054
2020-10-07 10:49,160.98,160.98,160.96,160.98,1547
2020-10-07 10:50,160.99,161.06,160.93,160.95,10599
2020-10-07 10:51,160.97,161.155,160.95,161.155,4385
2020-10-07 10:52,161.17,161.2,161.13,161.13,3236
2020-10-07 10:53,161.15,161.15,161.13,161.13,654
2020-10-07 10:54,161.16,161.19,161.14,161.145,2627
2020-10-07 10:55,161.14,161.145,161.12,161.13,2298
2020-10-07 10:56,161.1,161.1,161.04,161.06,2790
2020-10-07 10:57,161.055,161.055,160.9301,160.975,4831
2020-10-07 10:58,160.93,160.93,160.88,160.88,2930
2020-10-07 10:59,160.92,160.92,160.845,160.86,2264
2020-10-07 11:00,160.88,160.985,160.86,160.985,2438
2020-10-07 11:01,161.03,161.08,160.9901,160.9901,4340
2020-10-07 11:02,161.0405,161.0405,160.99,161.02,2897
2020-10-07 11:03,161.03,161.03,160.9602,160.9602,4173
2020-10-07 11:04,160.96,160.96,160.89,160.89,1501
2020-10-07 11:05,160.87,160.8952,160.85,160.88,4806
2020-10-07 11:06,160.915,160.94,160.8801,160.93,1779
2020-10-07 11:07,160.91,160.94,160.87,160.91,2161
2020-10-07 11:08,160.93,160.95,160.875,160.915,2559
2020-10-07 11:09,160.95,161.1,160.95,161.04,5486
2020-10-07 11:10,161.0407,161.0631,160.99,160.99,2674
2020-10-07 11:11,161.02,161.04,160.94,160.965,6209
2020-10-07 11:12,160.94,160.97,160.94,160.97,1214
2020-10-07 11:13,160.96,160.99,160.96,160.99,2936
2020-10-07 11:14,160.99,161.01,160.96,160.98,3139
2020-10-07 11:15,161,161,160.95,160.95,1969
2020-10-07 11:16,160.99,161.05,160.99,161.03,1688
2020-10-07 11:17,161.05,161.05,161.02,161.02,2702
2020-10-07 11:18,161.01,161.07,161.01,161.05,844
2020-10-07 11:19,161.09,161.09,160.87,161.0544,18962
2020-10-07 11:20,160.99,161.04,160.94,161.04,1396
2020-10-07 11:21,161.0366,161.04,161.005,161.01,9966
2020-10-07 11:22,160.99,161.04,160.93,161.04,6345
2020-10-07 11:23,160.97,161.15,160.97,161.06,4141
2020-10-07 11:24,161.06,161.08,161.03,161.06,1464
2020-10-07 11:25,161.0542,161.1,161.05,161.0694,3043
2020-10-07 11:26,161.03,161.075,161.03,161.0463,1368
2020-10-07 11:27,161.0301,161.11,161.005,161.11,4805
2020-10-07 11:28,161.1,161.11,161.08,161.1,2222
2020-10-07 11:29,161.11,161.17,161.1,161.16,2390
2020-10-07 11:30,161.15,161.16,161.13,161.15,1982
2020-10-07 11:31,161.125,161.225,161.125,161.19,4370
2020-10-07 11:32,161.17,161.2,161.16,161.175,2033
2020-10-07 11:33,161.22,161.22,161.1982,161.1982,793
2020-10-07 11:34,161.215,161.22,161.145,161.18,2949
2020-10-07 11:35,161.2,161.21,161.17,161.2,2548
2020-10-07 11:36,161.18,161.19,161.12,161.19,3652
2020-10-07 11:37,161.2,161.21,161.16,161.176,4999
2020-10-07 11:38,161.2,161.2,161.16,161.16,3402
2020-10-07 11:39,161.1858,161.21,161.1858,161.195,2230
2020-10-07 11:40,161.195,161.2,161.13,161.13,5668
2020-10-07 11:41,161.1268,161.13,161,161,5153
2020-10-07 11:42,161.06,161.115,161.06,161.115,3893
2020-10-07 11:43,161.13,161.21,161.125,161.21,2377
2020-10-07 11:44,161.2,161.22,161.16,161.185,2731
2020-10-07 11:45,161.16,161.25,161.16,161.21,2905
2020-10-07 11:46,161.2127,161.26,161.18,161.18,2183
2020-10-07 11:47,161.21,161.275,161.21,161.26,1262
2020-10-07 11:48,161.26,161.29,161.24,161.275,3155
2020-10-07 11:49,161.29,161.3,161.21,161.22,3604
2020-10-07 11:50,161.215,161.25,161.15,161.15,4579
2020-10-07 11:51,161.15,161.1925,161.14,161.15,3044
2020-10-07 11:52,161.22,161.28,161.215,161.25,2136
2020-10-07 11:53,161.27,161.34,161.25,161.26,6252
2020-10-07 11:54,161.29,161.3,161.24,161.256,5988
2020-10-07 11:55,161.2501,161.3,161.25,161.3,3437
2020-10-07 11:56,161.3131,161.35,161.31,161.32,4384
2020-10-07 11:57,161.32,161.32,161.25,161.255,4979
2020-10-07 11:58,161.34,161.37,161.27,161.27,2898
2020-10-07 11:59,161.27,161.29,161.23,161.2869,2237
2020-10-07 12:00,161.27,161.3047,161.23,161.23,7482
2020-10-07 12:01,161.235,161.26,161.1936,161.1936,4199
2020-10-07 12:02,161.19,161.21,161.16,161.165,3301
2020-10-07 12:03,161.19,161.29,161.19,161.23,6175
2020-10-07 12:04,161.24,161.31,161.24,161.28,4356
2020-10-07 12:05,161.28,161.37,161.28,161.3418,4197
2020-10-07 12:06,161.34,161.5,161.31,161.5,6700
2020-10-07 12:07,161.48,161.5,161.39,161.41,8107
2020-10-07 12:08,161.43,161.49,161.43,161.475,9908
2020-10-07 12:09,161.5,161.51,161.4577,161.51,6833
2020-10-07 12:10,161.475,161.6,161.475,161.6,18000
2020-10-07 12:11,161.58,161.61,161.5,161.5013,3852
2020-10-07 12:12,161.5,161.51,161.475,161.505,3396
2020-10-07 12:13,161.525,161.54,161.49,161.54,5335
2020-10-07 12:14,161.52,161.57,161.48,161.48,4478
2020-10-07 12:15,161.5,161.57,161.3801,161.3801,7590
2020-10-07 12:16,161.4121,161.46,161.36,161.41,4106
2020-10-07 12:17,161.42,161.505,161.38,161.505,4109
2020-10-07 12:18,161.485,161.52,161.43,161.43,4260
2020-10-07 12:19,161.446,161.455,161.38,161.445,8651
2020-10-07 12:20,161.43,161.52,161.43,161.515,4211
2020-10-07 12:21,161.52,161.52,161.475,161.475,2400
2020-10-07 12:22,161.4711,161.475,161.405,161.43,8439
2020-10-07 12:23,161.405,161.41,161.324,161.34,5142
2020-10-07 12:24,161.36,161.46,161.36,161.43,4269
2020-10-07 12:25,161.45,161.45,161.39,161.4,2106
2020-10-07 12:26,161.4,161.41,161.36,161.38,5192
2020-10-07 12:27,161.35,161.43,161.34,161.38,5634
2020-10-07 12:28,161.38,161.39,161.29,161.32,4404
2020-10-07 12:29,161.31,161.4299,161.31,161.42,5033
2020-10-07 12:30,161.42,161.43,161.36,161.39,10662
2020-10-07 12:31,161.385,161.41,161.36,161.395,3369
2020-10-07 12:32,161.405,161.42,161.29,161.29,7267
2020-10-07 12:33,161.3,161.37,161.3,161.32,4796
2020-10-07 12:34,161.325,161.325,161.2,161.2,4291
2020-10-07 12:35,161.1629,161.1629,160.9746,160.9796,10017
2020-10-07 12:36,161,161.04,160.9,160.9,13441
2020-10-07 12:37,160.94,160.94,160.85,160.91,6640
2020-10-07 12:38,160.94,160.96,160.82,160.82,11899
2020-10-07 12:39,160.84,160.91,160.84,160.878,8022
2020-10-07 12:40,160.88,160.9,160.81,160.86,6692
2020-10-07 12:41,160.88,160.94,160.835,160.89,7519
2020-10-07 12:42,160.89,160.92,160.8,160.84,6919
2020-10-07 12:43,160.825,160.825,160.69,160.71,7081
2020-10-07 12:44,160.71,160.75,160.61,160.75,16549
2020-10-07 12:45,160.76,160.81,160.715,160.74,14878
2020-10-07 12:46,160.7239,160.785,160.715,160.715,7569
2020-10-07 12:47,160.72,160.76,160.6831,160.715,10100
2020-10-07 12:48,160.715,160.72,160.6,160.69,9790
2020-10-07 12:49,160.68,160.7,160.61,160.68,8742
2020-10-07 12:50,160.69,160.77,160.63,160.67,23782
2020-10-07 12:51,160.67,160.73,160.6,160.69,16915
2020-10-07 12:52,160.69,160.75,160.65,160.67,13407
2020-10-07 12:53,160.69,160.78,160.6,160.745,16181
2020-10-07 12:54,160.75,160.85,160.66,160.85,16649
2020-10-07 12:55,160.84,160.84,160.51,160.53,32203
2020-10-07 12:56,160.52,160.59,160.49,160.53,31571
2020-10-07 12:57,160.5,160.58,160.47,160.515,32139
2020-10-07 12:58,160.515,160.64,160.38,160.41,44660
2020-10-07 12:59,160.43,160.69,160.36,160.47,77450
2020-10-08 06:30,162.6,162.6,162.05,162.23,94757
2020-10-08 06:31,162.215,162.64,162.15,162.58,15121
2020-10-08 06:32,162.5705,163.13,162.555,163.13,7121
2020-10-08 06:33,163.135,163.135,162.565,162.63,12712
2020-10-08 06:34,162.53,162.53,162.17,162.29,6389
2020-10-08 06:35,162.2,162.31,161.99,162.16,7598
2020-10-08 06:36,162.27,162.41,162.25,162.3,2116
2020-10-08 06:37,162.22,162.39,162.11,162.2,7194
2020-10-08 06:38,162.28,162.5599,162.28,162.5599,3449
2020-10-08 06:39,162.54,162.6899,162.42,162.585,3568
2020-10-08 06:40,162.68,162.8,162.58,162.8,3084
2020-10-08 06:41,162.78,163.06,162.64,162.985,14987
2020-10-08 06:42,163.0399,163.25,162.99,163.141,22116
2020-10-08 06:43,163.06,163.06,162.71,162.87,18552
2020-10-08 06:44,162.83,162.95,162.8,162.935,8193
2020-10-08 06:45,162.9,163.12,162.9,163.035,13870
2020-10-08 06:46,163.14,163.28,163.0339,163.24,16844
2020-10-08 06:47,163.24,163.28,163.07,163.105,10900
2020-10-08 06:48,163.1,163.1,162.71,162.73,6806
2020-10-08 06:49,162.74,162.85,162.68,162.68,8486
2020-10-08 06:50,162.74,163,162.65,162.86,13627
2020-10-08 06:51,162.93,163,162.71,162.72,16513
2020-10-08 06:52,162.84,163.11,162.84,163.11,4266
2020-10-08 06:53,163.11,163.14,162.99,163.1,9098
2020-10-08 06:54,163.05,163.19,162.96,162.97,13341
2020-10-08 06:55,163.025,163.08,162.87,162.925,18868
2020-10-08 06:56,162.86,162.97,162.85,162.85,2943
2020-10-08 06:57,162.875,162.94,162.78,162.91,7616
2020-10-08 06:58,162.895,163.19,162.895,163.125,7559
2020-10-08 06:59,163.125,163.125,162.955,162.9801,6462
2020-10-08 07:00,163.14,163.32,163.09,163.09,4808
2020-10-08 07:01,163.08,163.09,162.85,162.85,5928
2020-10-08 07:02,162.77,162.775,162.66,162.75,2916
2020-10-08 07:03,162.69,162.7,162.3448,162.575,7647
2020-10-08 07:04,162.55,162.73,162.55,162.68,1529
2020-10-08 07:05,162.705,162.705,162.53,162.56,4049
2020-10-08 07:06,162.6,162.645,162.37,162.445,5253
2020-10-08 07:07,162.5001,162.545,162.4301,162.47,9158
2020-10-08 07:08,162.5,162.5056,162.32,162.355,4236
2020-10-08 07:09,162.345,162.36,162.1829,162.23,3623
2020-10-08 07:10,162.19,162.21,162.09,162.21,5352
2020-10-08 07:11,162.275,162.33,162.2,162.3032,6966
2020-10-08 07:12,162.34,162.42,162.34,162.385,2493
2020-10-08 07:13,162.41,162.45,162.36,162.45,4664
2020-10-08 07:14,162.4191,162.42,162.35,162.36,3191
2020-10-08 07:15,162.3,162.37,162.3,162.335,4288
2020-10-08 07:16,162.355,162.43,162.355,162.43,2715
2020-10-08 07:17,162.38,162.49,162.28,162.49,6647
2020-10-08 07:18,162.4501,162.535,162.4501,162.4582,3204
2020-10-08 07:19,162.52,162.63,162.52,162.53,4779
2020-10-08 07:20,162.48,162.58,162.46,162.46,3525
2020-10-08 07:21,162.35,162.4,162.35,162.3968,1311
2020-10-08 07:22,162.415,162.45,162.31,162.31,3457
2020-10-08 07:23,162.31,162.31,162.16,162.19,3307
2020-10-08 07:24,162.19,162.195,162.115,162.115,1231
2020-10-08 07:25,162.08,162.08,161.85,161.895,9030
2020-10-08 07:26,161.9,161.95,161.87,161.915,5360
2020-10-08 07:27,161.89,162.03,161.89,161.995,2282
2020-10-08 07:28,161.96,162.01,161.92,161.98,2628
2020-10-08 07:29,161.99,161.99,161.9005,161.925,2258
2020-10-08 07:30,161.941,162.0335,161.941,161.99,7860
2020-10-08 07:31,161.95,161.97,161.95,161.95,1694
2020-10-08 07:32,161.95,162.2512,161.95,162.2512,2845
2020-10-08 07:33,162.2422,162.33,162.2422,162.33,3545
2020-10-08 07:34,162.34,162.34,162.22,162.29,3986
2020-10-08 07:35,162.3542,162.3542,162.26,162.26,1131
2020-10-08 07:36,162.29,162.31,162.2,162.2,2257
2020-10-08 07:37,162.209,162.22,162,162,4030
2020-10-08 07:38,161.97,161.995,161.87,161.9,3627
2020-10-08 07:39,161.87,161.9,161.8374,161.84,4542
2020-10-08 07:40,161.88,161.94,161.86,161.89,2862
2020-10-08 07:41,161.89,161.9204,161.89,161.9204,1133
2020-10-08 07:42,161.88,161.9713,161.88,161.92,5475
2020-10-08 07:43,161.89,161.92,161.84,161.89,2159
2020-10-08 07:44,161.86,161.9,161.86,161.86,2824
2020-10-08 07:45,161.88,161.95,161.88,161.93,2264
2020-10-08 07:46,161.9507,161.9507,161.89,161.925,3397
2020-10-08 07:47,161.9,161.9299,161.86,161.89,2525
2020-10-08 07:48,161.8963,162,161.88,161.93,4121
2020-10-08 07:49,161.955,162.075,161.955,162.075,2281
2020-10-08 07:50,162.08,162.43,162.08,162.43,4377
2020-10-08 07:51,162.4,162.4,162.33,162.365,3414
2020-10-08 07:52,162.365,162.39,162.34,162.35,4907
2020-10-08 07:53,162.36,162.39,162.2713,162.285,10450
2020-10-08 07:54,162.32,162.32,162.16,162.195,6316
2020-10-08 07:55,162.21,162.35,162.21,162.33,4838
2020-10-08 07:56,162.318,162.44,162.318,162.41,4094
2020-10-08 07:57,162.38,162.43,162.18,162.18,10678
2020-10-08 07:58,162.12,162.18,162.1,162.14,1289
2020-10-08 07:59,162.14,162.2,162,162.04,5785
2020-10-08 08:00,162.08,162.22,162.06,162.12,8552
2020-10-08 08:01,162.12,162.21,162.11,162.14,3374
2020-10-08 08:02,162.2399,162.2399,162.17,162.17,997
2020-10-08 08:03,162.145,162.2,162.145,162.18,2900
2020-10-08 08:04,162.19,162.26,162.18,162.26,1809
2020-10-08 08:05,162.264,162.3202,162.24,162.24,3470
2020-10-08 08:06,162.26,162.31,162.24,162.265,2338
2020-10-08 08:07,162.26,162.325,162.26,162.325,2569
2020-10-08 08:08,162.33,162.33,162.28,162.29,2486
2020-10-08 08:09,162.29,162.32,162.257,162.311,1728
2020-10-08 08:10,162.27,162.34,162.25,162.3,3886
2020-10-08 08:11,162.27,162.2763,162.215,162.26,6337
2020-10-08 08:12,162.31,162.34,162.28,162.3,1925
2020-10-08 08:13,162.37,162.39,162.305,162.305,2036
2020-10-08 08:14,162.3,162.3,162.24,162.28,4218
2020-10-08 08:15,162.3,162.34,162.26,162.278,2090
2020-10-08 08:16,162.25,162.28,162.235,162.25,2943
2020-10-08 08:17,162.22,162.22,162.14,162.14,1227
2020-10-08 08:18,162.17,162.2599,162.17,162.245,3317
2020-10-08 08:19,162.225,162.241,162.13,162.13,3190
2020-10-08 08:20,162.13,162.225,161.8998,161.91,8002
2020-10-08 08:21,161.89,161.95,161.82,161.84,7313
2020-10-08 08:22,161.885,161.9322,161.8601,161.9322,5213
2020-10-08 08:23,161.96,161.975,161.91,161.975,4342
2020-10-08 08:24,161.96,162.025,161.96,161.99,5622
2020-10-08 08:25,161.98,161.98,161.91,161.9152,838
2020-10-08 08:26,161.89,161.94,161.89,161.93,2616
2020-10-08 08:27,161.945,162.13,161.92,162.13,3283
2020-10-08 08:28,162.105,162.105,161.98,161.98,2294
2020-10-08 08:29,161.995,162.1135,161.995,162.06,3646
2020-10-08 08:30,162.025,162.08,162.02,162.05,3130
2020-10-08 08:31,162.03,162.035,161.9,161.9,2521
2020-10-08 08:32,161.89,161.945,161.75,161.86,17880
2020-10-08 08:33,161.8,161.8,161.65,161.715,9635
2020-10-08 08:34,161.715,161.81,161.6121,161.81,9632
2020-10-08 08:35,161.81,161.955,161.7983,161.955,2346
2020-10-08 08:36,161.98,162.09,161.955,162.09,2320
2020-10-08 08:37,162.06,162.06,161.68,161.88,18500
2020-10-08 08:38,161.73,161.94,161.7003,161.935,6899
2020-10-08 08:39,161.9225,161.995,161.9,161.9904,2140
2020-10-08 08:40,162.03,162.04,161.87,161.895,5781
2020-10-08 08:41,161.85,161.855,161.78,161.8,4187
2020-10-08 08:42,161.8,161.8,161.67,161.69,2155
2020-10-08 08:43,161.725,161.74,161.58,161.58,9783
2020-10-08 08:44,161.58,161.6,161.5,161.5,10738
2020-10-08 08:45,161.5,161.5,161.43,161.49,5050
2020-10-08 08:46,161.49,161.52,161.44,161.5,4810
2020-10-08 08:47,161.5,161.56,161.5,161.55,3324
2020-10-08 08:48,161.545,161.5701,161.54,161.54,1444
2020-10-08 08:49,161.51,161.54,161.44,161.54,1863
2020-10-08 08:50,161.53,161.64,161.53,161.635,2357
2020-10-08 08:51,161.63,161.63,161.58,161.6,1783
2020-10-08 08:52,161.58,161.6523,161.555,161.6523,1262
2020-10-08 08:53,161.63,161.67,161.6248,161.635,2817
2020-10-08 08:54,161.61,161.67,161.61,161.635,3380
2020-10-08 08:55,161.6,161.645,161.6,161.62,1585
2020-10-08 08:56,161.6,161.61,161.5501,161.605,1645
2020-10-08 08:57,161.63,161.7,161.625,161.7,1990
2020-10-08 08:58,161.66,161.67,161.56,161.58,1895
2020-10-08 08:59,161.57,161.57,161.43,161.4516,4761
2020-10-08 09:00,161.47,161.51,161.42,161.45,7692
2020-10-08 09:01,161.457,161.46,161.39,161.44,3588
2020-10-08 09:02,161.44,161.5,161.44,161.46,4210
2020-10-08 09:03,161.455,161.455,161.435,161.445,1004
2020-10-08 09:04,161.44,161.46,161.42,161.43,1921
2020-10-08 09:05,161.44,161.47,161.44,161.455,1433
2020-10-08 09:06,161.45,161.48,161.42,161.475,9184
2020-10-08 09:07,161.5,161.75,161.48,161.75,6672
2020-10-08 09:08,161.7102,161.72,161.695,161.705,750
2020-10-08 09:09,161.69,161.69,161.61,161.635,2511
2020-10-08 09:10,161.615,161.615,161.56,161.56,1208
2020-10-08 09:11,161.565,161.5925,161.535,161.56,1892
2020-10-08 09:12,161.54,161.5645,161.535,161.555,1608
2020-10-08 09:13,161.58,161.59,161.56,161.565,2141
2020-10-08 09:14,161.59,161.6628,161.59,161.6628,1390
2020-10-08 09:15,161.66,161.66,161.625,161.625,2524
2020-10-08 09:16,161.585,161.655,161.585,161.655,2667
2020-10-08 09:17,161.655,161.655,161.625,161.625,1572
2020-10-08 09:18,161.63,161.7096,161.63,161.655,4495
2020-10-08 09:19,161.665,161.665,161.53,161.53,4745
2020-10-08 09:20,161.545,161.58,161.52,161.56,2639
2020-10-08 09:21,161.555,161.555,161.555,161.555,342
2020-10-08 09:22,161.56,161.73,161.56,161.73,7744
2020-10-08 09:23,161.715,161.74,161.68,161.71,6792
2020-10-08 09:24,161.715,161.7899,161.69,161.73,5732
2020-10-08 09:25,161.72,161.77,161.71,161.739,6515
2020-10-08 09:26,161.74,161.835,161.71,161.835,8193
2020-10-08 09:27,161.83,161.83,161.77,161.77,1643
2020-10-08 09:28,161.77,161.77,161.7464,161.755,1262
2020-10-08 09:29,161.765,161.79,161.73,161.735,3198
2020-10-08 09:30,161.75,161.75,161.72,161.73,2987
2020-10-08 09:31,161.72,161.77,161.72,161.74,2798
2020-10-08 09:32,161.74,161.8,161.74,161.8,4718
2020-10-08 09:33,161.845,161.845,161.77,161.79,3610
2020-10-08 09:34,161.78,161.84,161.78,161.84,5333
2020-10-08 09:35,161.86,161.87,161.845,161.865,2404
2020-10-08 09:36,161.84,161.84,161.79,161.825,2460
2020-10-08 09:37,161.825,161.85,161.82,161.83,820
2020-10-08 09:38,161.85,161.89,161.845,161.87,4215
2020-10-08 09:39,161.87,161.879,161.8479,161.8716,2774
2020-10-08 09:40,161.86,161.86,161.83,161.83,4208
2020-10-08 09:41,161.855,161.89,161.855,161.88,7221
2020-10-08 09:42,161.89,161.89,161.8616,161.865,6269
2020-10-08 09:43,161.87,161.97,161.87,161.97,5900
2020-10-08 09:44,161.9661,161.9844,161.89,161.93,6324
2020-10-08 09:45,161.92,161.95,161.91,161.945,3607
2020-10-08 09:46,161.96,162.015,161.94,162.015,7320
2020-10-08 09:47,162.025,162.08,162.0045,162.08,5820
2020-10-08 09:48,162.06,162.07,161.9,161.9,5911
2020-10-08 09:49,161.8425,161.89,161.8,161.86,4733
2020-10-08 09:50,161.855,161.855,161.8,161.81,2529
2020-10-08 09:51,161.77,161.91,161.77,161.8989,6562
2020-10-08 09:52,161.91,161.91,161.88,161.88,2467
2020-10-08 09:53,161.885,161.9,161.8467,161.86,5368
2020-10-08 09:54,161.8674,161.92,161.865,161.915,2162
2020-10-08 09:55,161.91,161.94,161.91,161.9386,1574
2020-10-08 09:56,161.95,161.97,161.93,161.93,2778
2020-10-08 09:57,161.96,161.99,161.89,161.93,4772
2020-10-08 09:58,161.95,161.97,161.945,161.955,2320
2020-10-08 09:59,161.97,162.03,161.97,161.98,3673
2020-10-08 10:00,162,162.01,161.94,161.94,1238
2020-10-08 10:01,161.9298,161.97,161.9298,161.97,3539
2020-10-08 10:02,161.955,162.05,161.955,162.05,2398
2020-10-08 10:03,162.05,162.05,162.02,162.02,3874
2020-10-08 10:04,162.01,162.01,161.95,161.9895,3194
2020-10-08 10:05,161.95,161.99,161.93,161.99,2036
2020-10-08 10:06,161.999,162.0299,161.999,162.0299,1069
2020-10-08 10:07,162.015,162.08,162.015,162.045,3963
2020-10-08 10:08,162.055,162.071,162.055,162.071,713
2020-10-08 10:09,162.065,162.1651,162.065,162.1651,6620
2020-10-08 10:10,162.1787,162.2465,162.15,162.2465,2533
2020-10-08 10:11,162.225,162.255,162.22,162.25,5286
2020-10-08 10:12,162.23,162.25,162.13,162.14,4049
2020-10-08 10:13,162.1568,162.1568,162.12,162.12,3618
2020-10-08 10:14,162.115,162.13,162.07,162.08,2657
2020-10-08 10:15,162.07,162.08,162.035,162.08,2737
2020-10-08 10:16,162.07,162.07,162.04,162.07,3101
2020-10-08 10:17,162.05,162.11,162.04,162.11,3298
2020-10-08 10:18,162.125,162.165,162.09,162.165,3407
2020-10-08 10:19,162.16,162.17,162.16,162.165,1749
2020-10-08 10:20,162.16,162.2089,162.155,162.1617,4274
2020-10-08 10:21,162.13,162.164,162.125,162.164,2110
2020-10-08 10:22,162.16,162.16,162.05,162.07,4195
2020-10-08 10:23,162.0534,162.105,162.0534,162.08,3034
2020-10-08 10:24,162.0815,162.09,162,162.03,3357
2020-10-08 10:25,162.04,162.13,162.04,162.12,1919
2020-10-08 10:26,162.12,162.165,162.06,162.105,3972
2020-10-08 10:27,162.08,162.1501,162.08,162.15,3151
2020-10-08 10:28,162.115,162.18,162.115,162.18,1180
2020-10-08 10:29,162.15,162.15,162.09,162.09,2641
2020-10-08 10:30,162.085,162.17,162.06,162.17,2978
2020-10-08 10:31,162.135,162.1944,162.11,162.11,5094
2020-10-08 10:32,162.14,162.18,162.14,162.16,3158
2020-10-08 10:33,162.17,162.17,162.1,162.1,2112
2020-10-08 10:34,162.1,162.12,162.04,162.04,3078
2020-10-08 10:35,162.04,162.1266,162.0208,162.1266,4218
2020-10-08 10:36,162.13,162.15,162.1129,162.135,522
2020-10-08 10:37,162.135,162.135,162.08,162.08,3138
2020-10-08 10:38,162.1,162.17,162.08,162.14,5401
2020-10-08 10:39,162.18,162.18,162.08,162.08,3997
2020-10-08 10:40,162.09,162.09,162.03,162.03,2924
2020-10-08 10:41,162.035,162.05,161.99,162.01,4928
2020-10-08 10:42,162,162.0444,161.9779,162,3757
2020-10-08 10:43,161.98,161.98,161.9,161.92,4454
2020-10-08 10:44,161.93,161.95,161.9001,161.9077,4299
2020-10-08 10:45,161.9,161.92,161.86,161.91,4838
2020-10-08 10:46,161.918,161.96,161.88,161.88,3500
2020-10-08 10:47,161.865,161.865,161.81,161.81,3680
2020-10-08 10:48,161.81,161.93,161.765,161.93,4130
2020-10-08 10:49,161.945,161.945,161.9442,161.9442,730
2020-10-08 10:50,161.955,162.11,161.955,162.11,4055
2020-10-08 10:51,162.07,162.09,162.05,162.08,2172
2020-10-08 10:52,162.085,162.11,162.085,162.11,1219
2020-10-08 10:53,162.14,162.15,162.12,162.15,681
2020-10-08 10:54,162.11,162.11,162.02,162.06,3478
2020-10-08 10:55,162.03,162.06,161.98,162.06,1683
2020-10-08 10:56,162.075,162.12,162.075,162.115,1606
2020-10-08 10:57,162.115,162.115,162.08,162.1116,2161
2020-10-08 10:58,162.095,162.095,162.01,162.0709,3070
2020-10-08 10:59,162.03,162.03,162.01,162.01,1597
2020-10-08 11:00,162,162,161.88,161.891,10964
2020-10-08 11:01,161.915,161.95,161.88,161.88,3397
2020-10-08 11:02,161.9,161.975,161.88,161.975,2878
2020-10-08 11:03,161.975,161.975,161.94,161.955,2172
2020-10-08 11:04,161.9455,161.98,161.9455,161.96,921
2020-10-08 11:05,161.96,161.99,161.95,161.97,4774
2020-10-08 11:06,161.985,162.08,161.985,162.04,2210
2020-10-08 11:07,162.02,162.1,162.02,162.1,1990
2020-10-08 11:08,162.12,162.13,162.12,162.13,590
2020-10-08 11:09,162.125,162.1799,162.125,162.14,4828
2020-10-08 11:10,162.165,162.24,162.165,162.2326,2973
2020-10-08 11:11,162.24,162.24,162.1625,162.165,2662
2020-10-08 11:12,162.1745,162.18,162.16,162.18,3937
2020-10-08 11:13,162.21,162.21,162.135,162.135,6149
2020-10-08 11:14,162.13,162.14,162.11,162.12,2045
2020-10-08 11:15,162.12,162.15,162.12,162.15,2068
2020-10-08 11:16,162.18,162.18,162.12,162.13,4812
2020-10-08 11:17,162.14,162.145,162.12,162.12,1612
2020-10-08 11:18,162.09,162.09,162.03,162.07,3258
2020-10-08 11:19,162.07,162.09,162.07,162.09,1479
2020-10-08 11:20,162.1,162.13,162.1,162.11,4022
2020-10-08 11:21,162.105,162.195,162.105,162.195,3948
2020-10-08 11:22,162.21,162.24,162.19,162.19,7193
2020-10-08 11:23,162.186,162.19,162.15,162.1665,1738
2020-10-08 11:24,162.17,162.19,162.16,162.16,1663
2020-10-08 11:25,162.14,162.14,162.08,162.11,4391
2020-10-08 11:26,162.08,162.12,162.08,162.12,992
2020-10-08 11:27,162.175,162.175,162.13,162.145,2049
2020-10-08 11:28,162.14,162.18,162.11,162.16,10668
2020-10-08 11:29,162.185,162.2,162.185,162.2,1542
2020-10-08 11:30,162.21,162.2331,162.18,162.2331,1625
2020-10-08 11:31,162.22,162.24,162.17,162.24,6463
2020-10-08 11:32,162.27,162.29,162.25,162.2501,4620
2020-10-08 11:33,162.275,162.275,162.25,162.265,2483
2020-10-08 11:34,162.3,162.36,162.24,162.24,9043
2020-10-08 11:35,162.2,162.21,162.125,162.19,3199
2020-10-08 11:36,162.2,162.225,162.19,162.19,3571
2020-10-08 11:37,162.2,162.21,162.17,162.17,2918
2020-10-08 11:38,162.18,162.26,162.17,162.26,4468
2020-10-08 11:39,162.28,162.31,162.26,162.29,3278
2020-10-08 11:40,162.25,162.25,162.21,162.215,1972
2020-10-08 11:41,162.22,162.235,162.21,162.235,1805
2020-10-08 11:42,162.215,162.23,162.18,162.22,3208
2020-10-08 11:43,162.25,162.25,162.22,162.22,3070
2020-10-08 11:44,162.226,162.25,162.2,162.24,2995
2020-10-08 11:45,162.235,162.325,162.235,162.325,2814
2020-10-08 11:46,162.345,162.36,162.316,162.33,2854
2020-10-08 11:47,162.33,162.33,162.26,162.26,5384
2020-10-08 11:48,162.235,162.26,162.2,162.2,3357
2020-10-08 11:49,162.18,162.22,162.16,162.22,4027
2020-10-08 11:50,162.19,162.19,162.15,162.175,1278
2020-10-08 11:51,162.16,162.2219,162.16,162.2,2803
2020-10-08 11:52,162.195,162.225,162.18,162.1873,2854
2020-10-08 11:53,162.18,162.2025,162.11,162.11,5281
2020-10-08 11:54,162.095,162.12,162.07,162.12,2436
2020-10-08 11:55,162.105,162.17,162.09,162.125,2758
2020-10-08 11:56,162.135,162.2,162.132,162.2,2608
2020-10-08 11:57,162.16,162.18,162.1,162.146,2939
2020-10-08 11:58,162.16,162.17,162.08,162.105,5615
2020-10-08 11:59,162.105,162.16,162.105,162.145,2981
2020-10-08 12:00,162.13,162.17,162.12,162.13,3891
2020-10-08 12:01,162.09,162.09,161.94,161.96,5284
2020-10-08 12:02,161.96,162.02,161.9301,162.02,4659
2020-10-08 12:03,161.99,162.06,161.99,162.06,2910
2020-10-08 12:04,162.07,162.08,162.02,162.02,3351
2020-10-08 12:05,162.035,162.035,161.98,162.03,3993
2020-10-08 12:06,162.05,162.06,162.01,162.02,3395
2020-10-08 12:07,162.02,162.08,162.02,162.05,3660
2020-10-08 12:08,162.04,162.045,162,162.045,3427
2020-10-08 12:09,162.05,162.07,162.0116,162.07,3762
2020-10-08 12:10,162.045,162.09,162.045,162.08,2812
2020-10-08 12:11,162.06,162.14,162.05,162.135,3833
2020-10-08 12:12,162.135,162.15,162.095,162.15,3672
2020-10-08 12:13,162.14,162.16,162.0766,162.0766,3030
2020-10-08 12:14,162.08,162.08,162.02,162.02,3757
2020-10-08 12:15,162,162.01,161.95,161.96,5890
2020-10-08 12:16,161.956,161.98,161.81,161.83,15057
2020-10-08 12:17,161.84,161.91,161.78,161.91,8418
2020-10-08 12:18,161.92,161.92,161.845,161.895,5323
2020-10-08 12:19,161.895,161.96,161.8616,161.93,3657
2020-10-08 12:20,161.93,161.94,161.87,161.9,4967
2020-10-08 12:21,161.875,161.99,161.875,161.99,4713
2020-10-08 12:22,161.97,161.995,161.92,161.94,3944
2020-10-08 12:23,161.9423,162,161.94,161.985,3085
2020-10-08 12:24,161.97,162,161.92,161.95,4601
2020-10-08 12:25,161.9553,162.0087,161.92,162.0087,4993
2020-10-08 12:26,161.98,162.01,161.97,162.01,3897
2020-10-08 12:27,162.02,162.07,161.98,162.07,4629
2020-10-08 12:28,162.055,162.055,161.9767,161.9767,4907
2020-10-08 12:29,161.97,161.985,161.93,161.95,8412
2020-10-08 12:30,161.96,162.05,161.96,162.05,5643
2020-10-08 12:31,162.03,162.09,161.985,162.08,5057
2020-10-08 12:32,162.0991,162.0991,162.045,162.05,4236
2020-10-08 12:33,162.057,162.11,162.054,162.08,6338
2020-10-08 12:34,162.095,162.115,162.07,162.07,5071
2020-10-08 12:35,162.08,162.1,162.015,162.02,5954
2020-10-08 12:36,162,162.08,162,162.035,5899
2020-10-08 12:37,162.02,162.08,161.99,161.99,6348
2020-10-08 12:38,161.99,162.01,161.965,161.965,6533
2020-10-08 12:39,161.965,161.985,161.94,161.95,6167
2020-10-08 12:40,161.945,161.975,161.93,161.96,11591
2020-10-08 12:41,161.945,162.02,161.945,162,5591
2020-10-08 12:42,161.99,162.045,161.99,162.03,6177
2020-10-08 12:43,162.07,162.125,162.07,162.08,6506
2020-10-08 12:44,162.08,162.08,162,162.005,12905
2020-10-08 12:45,162.02,162.05,161.99,162.04,9385
2020-10-08 12:46,162.05,162.055,162.01,162.055,8944
2020-10-08 12:47,162.04,162.04,161.94,161.96,11435
2020-10-08 12:48,161.97,162.05,161.93,161.99,13143
2020-10-08 12:49,161.99,162.08,161.99,162.08,10917
2020-10-08 12:50,162.06,162.2,162.045,162.1865,10930
2020-10-08 12:51,162.17,162.23,162.12,162.17,14782
2020-10-08 12:52,162.165,162.19,162.135,162.15,9571
2020-10-08 12:53,162.17,162.21,162.06,162.09,11954
2020-10-08 12:54,162.09,162.21,162.08,162.175,11832
2020-10-08 12:55,162.17,162.17,161.95,162.025,24688
2020-10-08 12:56,162.01,162.025,161.905,161.92,21907
2020-10-08 12:57,161.92,161.94,161.856,161.91,19686
2020-10-08 12:58,161.92,161.92,161.8,161.81,23716
2020-10-08 12:59,161.81,161.92,161.78,161.86,51631
2020-10-09 06:30,162.2,162.49,162.1,162.2917,71315
2020-10-09 06:31,162.37,162.37,162.27,162.27,5484
2020-10-09 06:32,162.44,162.95,162.44,162.95,7776
2020-10-09 06:33,162.94,163,162.6915,162.8448,7337
2020-10-09 06:34,162.88,163.35,162.87,163.31,11518
2020-10-09 06:35,163.37,163.51,163.23,163.38,16466
2020-10-09 06:36,163.5,163.5,162.85,162.85,8197
2020-10-09 06:37,162.85,163,162.6,162.6853,7655
2020-10-09 06:38,162.64,163,162.62,162.78,5435
2020-10-09 06:39,162.87,163.03,162.8,163.03,4216
2020-10-09 06:40,162.985,163.08,162.94,163.03,2856
2020-10-09 06:41,162.948,163.02,162.86,162.962,4963
2020-10-09 06:42,162.85,163.06,162.85,163.04,2835
2020-10-09 06:43,163.005,163.09,162.98,162.98,3771
2020-10-09 06:44,163.04,163.04,162.7801,162.82,6123
2020-10-09 06:45,162.82,163.02,162.82,162.89,2888
2020-10-09 06:46,162.885,162.91,162.7034,162.85,4666
2020-10-09 06:47,162.895,162.9602,162.895,162.9602,2699
2020-10-09 06:48,162.93,163.11,162.85,162.885,6788
2020-10-09 06:49,162.65,162.9,162.65,162.86,2719
2020-10-09 06:50,162.88,162.97,162.7983,162.97,4591
2020-10-09 06:51,162.946,163.05,162.93,163.02,3065
2020-10-09 06:52,162.95,163.54,162.95,163.54,18822
2020-10-09 06:53,163.53,163.53,163.21,163.2999,6239
2020-10-09 06:54,163.3,163.3634,163.2,163.26,3810
2020-10-09 06:55,163.26,163.26,163.04,163.13,4216
2020-10-09 06:56,163.16,163.16,163.05,163.06,2185
2020-10-09 06:57,163.11,163.11,163.01,163.01,3358
2020-10-09 06:58,162.96,162.96,162.73,162.745,4154
2020-10-09 06:59,162.8,162.94,162.8,162.935,4172
2020-10-09 07:00,162.96,163.05,162.78,162.78,3689
2020-10-09 07:01,162.75,162.9399,162.715,162.78,4195
2020-10-09 07:02,162.8037,162.8272,162.665,162.71,3276
2020-10-09 07:03,162.76,162.98,162.76,162.93,4907
2020-10-09 07:04,162.95,162.98,162.9,162.95,3869
2020-10-09 07:05,162.99,163.0599,162.9735,163.005,4370
2020-10-09 07:06,163.03,163.17,163.015,163.09,7662
2020-10-09 07:07,163.13,163.25,163.13,163.24,5490
2020-10-09 07:08,163.1985,163.5,163.195,163.5,11980
2020-10-09 07:09,163.54,163.6,163.39,163.49,13150
2020-10-09 07:10,163.52,163.57,163.47,163.49,4038
2020-10-09 07:11,163.44,163.44,163.2901,163.42,5543
2020-10-09 07:12,163.44,163.595,163.38,163.53,9727
2020-10-09 07:13,163.56,163.57,163.48,163.515,2278
2020-10-09 07:14,163.59,163.7,163.55,163.665,7690
2020-10-09 07:15,163.64,163.8,163.59,163.72,6916
2020-10-09 07:16,163.79,164.07,163.79,163.95,68949
2020-10-09 07:17,163.95,164.02,163.91,163.95,9463
2020-10-09 07:18,163.9145,164.12,163.88,164.12,9029
2020-10-09 07:19,164.15,164.24,164.095,164.205,11159
2020-10-09 07:20,164.17,164.28,164.165,164.18,5185
2020-10-09 07:21,164.18,164.22,164.14,164.175,2062
2020-10-09 07:22,164.175,164.175,163.8,163.87,14022
2020-10-09 07:23,163.87,164,163.84,164,3582
2020-10-09 07:24,163.955,164.06,163.93,164.031,9550
2020-10-09 07:25,164.0507,164.08,163.86,163.875,12066
2020-10-09 07:26,163.84,163.99,163.8,163.92,7269
2020-10-09 07:27,163.94,163.96,163.85,163.92,6223
2020-10-09 07:28,163.93,164.07,163.92,164.03,4122
2020-10-09 07:29,164.0167,164.0461,163.97,163.97,5951
2020-10-09 07:30,163.9601,164.08,163.9601,164.08,4721
2020-10-09 07:31,164.06,164.21,164.025,164.1301,3790
2020-10-09 07:32,164.19,164.22,164.12,164.15,10971
2020-10-09 07:33,164.15,164.24,164.125,164.21,3897
2020-10-09 07:34,164.24,164.2699,164.13,164.16,4813
2020-10-09 07:35,164.13,164.155,164.01,164.0799,6256
2020-10-09 07:36,164.04,164.0999,163.95,164.07,6797
2020-10-09 07:37,164.08,164.2,164.05,164.2,3083
2020-10-09 07:38,164.185,164.3,164.17,164.285,6318
2020-10-09 07:39,164.285,164.31,164.175,164.175,4276
2020-10-09 07:40,164.175,164.175,163.92,163.92,5351
2020-10-09 07:41,163.85,163.85,163.72,163.72,4606
2020-10-09 07:42,163.71,163.87,163.71,163.87,3646
2020-10-09 07:43,163.87,163.91,163.855,163.855,2908
2020-10-09 07:44,163.88,164.01,163.88,163.89,7902
2020-10-09 07:45,163.87,163.94,163.84,163.94,2912
2020-10-09 07:46,163.97,164.07,163.9,163.9,14346
2020-10-09 07:47,163.93,163.98,163.81,163.81,9470
2020-10-09 07:48,163.83,163.83,163.68,163.73,3710
2020-10-09 07:49,163.71,163.74,163.57,163.57,7647
2020-10-09 07:50,163.58,163.72,163.58,163.645,8523
2020-10-09 07:51,163.61,163.7999,163.61,163.7999,6061
2020-10-09 07:52,163.77,163.77,163.68,163.7699,3473
2020-10-09 07:53,163.77,163.95,163.76,163.9,5853
2020-10-09 07:54,163.95,164.01,163.94,163.955,6730
2020-10-09 07:55,163.93,163.96,163.81,163.95,2983
2020-10-09 07:56,163.86,163.97,163.86,163.94,1832
2020-10-09 07:57,164.0299,164.1599,164.02,164.1599,5134
2020-10-09 07:58,164.095,164.11,163.94,163.96,12572
2020-10-09 07:59,163.95,163.97,163.83,163.85,4239
2020-10-09 08:00,163.8558,164.02,163.84,164.02,5439
2020-10-09 08:01,163.97,164.025,163.935,164,6240
2020-10-09 08:02,163.99,164.0103,163.985,163.985,491
2020-10-09 08:03,163.95,163.975,163.87,163.91,2986
2020-10-09 08:04,163.84,163.88,163.82,163.82,2335
2020-10-09 08:05,163.855,163.88,163.8,163.87,7366
2020-10-09 08:06,163.8,163.891,163.8,163.875,5332
2020-10-09 08:07,163.83,163.83,163.72,163.72,8886
2020-10-09 08:08,163.66,163.71,163.615,163.68,5808
2020-10-09 08:09,163.65,163.66,163.55,163.57,4443
2020-10-09 08:10,163.55,163.65,163.55,163.645,4265
2020-10-09 08:11,163.6,163.7099,163.6,163.67,1694
2020-10-09 08:12,163.67,163.73,163.67,163.72,4933
2020-10-09 08:13,163.71,163.71,163.645,163.645,2117
2020-10-09 08:14,163.625,163.68,163.58,163.58,2092
2020-10-09 08:15,163.57,163.59,163.551,163.551,518
2020-10-09 08:16,163.595,163.595,163.52,163.5525,1596
2020-10-09 08:17,163.53,163.56,163.35,163.37,8155
2020-10-09 08:18,163.37,163.39,163.31,163.3408,9988
2020-10-09 08:19,163.37,163.43,163.37,163.425,1966
2020-10-09 08:20,163.44,163.47,163.44,163.46,3324
2020-10-09 08:21,163.49,163.56,163.49,163.52,3797
2020-10-09 08:22,163.51,163.51,163.4,163.4,3076
2020-10-09 08:23,163.41,163.41,163.32,163.34,2020
2020-10-09 08:24,163.3368,163.35,163.31,163.31,1910
2020-10-09 08:25,163.35,163.43,163.35,163.4,3045
2020-10-09 08:26,163.43,163.43,163.34,163.38,2890
2020-10-09 08:27,163.36,163.44,163.36,163.44,1379
2020-10-09 08:28,163.4191,163.4601,163.4191,163.42,1668
2020-10-09 08:29,163.425,163.47,163.3936,163.47,2093
2020-10-09 08:30,163.434,163.47,163.3709,163.4314,2253
2020-10-09 08:31,163.4,163.47,163.39,163.4682,2715
2020-10-09 08:32,163.46,163.48,163.44,163.4648,3073
2020-10-09 08:33,163.49,163.51,163.485,163.51,3569
2020-10-09 08:34,163.52,163.63,163.515,163.63,7898
2020-10-09 08:35,163.63,163.63,163.54,163.545,3420
2020-10-09 08:36,163.5498,163.57,163.539,163.562,1347
2020-10-09 08:37,163.57,163.635,163.57,163.58,3432
2020-10-09 08:38,163.58,163.66,163.55,163.55,9031
2020-10-09 08:39,163.535,163.57,163.5,163.53,3753
2020-10-09 08:40,163.49,163.515,163.45,163.451,3598
2020-10-09 08:41,163.47,163.47,163.4,163.42,3040
2020-10-09 08:42,163.47,163.5,163.45,163.4515,4979
2020-10-09 08:43,163.45,163.552,163.42,163.49,5737
2020-10-09 08:44,163.49,163.71,163.49,163.62,12911
2020-10-09 08:45,163.65,163.65,163.57,163.5909,3803
2020-10-09 08:46,163.56,163.74,163.56,163.728,3811
2020-10-09 08:47,163.75,163.815,163.68,163.71,4890
2020-10-09 08:48,163.74,163.7428,163.69,163.7,3958
2020-10-09 08:49,163.69,163.76,163.66,163.7462,7093
2020-10-09 08:50,163.745,163.84,163.72,163.7769,12735
2020-10-09 08:51,163.75,163.78,163.7,163.735,2940
2020-10-09 08:52,163.71,163.73,163.56,163.721,4700
2020-10-09 08:53,163.69,163.93,163.685,163.875,2682
2020-10-09 08:54,163.87,163.885,163.84,163.8516,3628
2020-10-09 08:55,163.84,163.89,163.78,163.86,2808
2020-10-09 08:56,163.82,163.825,163.75,163.75,3336
2020-10-09 08:57,163.75,163.9,163.75,163.865,4877
2020-10-09 08:58,163.89,163.95,163.85,163.905,4121
2020-10-09 08:59,163.898,163.905,163.78,163.845,10757
2020-10-09 09:00,163.83,163.9132,163.83,163.89,4756
2020-10-09 09:01,163.86,164,163.79,163.98,12650
2020-10-09 09:02,163.96,163.975,163.9,163.93,4707
2020-10-09 09:03,163.9,163.97,163.87,163.89,6743
2020-10-09 09:04,163.89,164.06,163.88,163.93,13938
2020-10-09 09:05,163.9288,163.96,163.86,163.895,4075
2020-10-09 09:06,163.865,163.865,163.7901,163.84,3426
2020-10-09 09:07,163.88,163.98,163.87,163.97,3508
2020-10-09 09:08,163.965,164.055,163.93,164.03,5931
2020-10-09 09:09,164.03,164.05,163.97,163.99,4358
2020-10-09 09:10,163.995,164.0291,163.9588,163.985,2178
2020-10-09 09:11,163.96,164.01,163.94,163.94,6364
2020-10-09 09:12,163.94,163.99,163.88,163.88,3978
2020-10-09 09:13,163.88,163.91,163.83,163.83,4300
2020-10-09 09:14,163.83,163.875,163.83,163.87,1198
2020-10-09 09:15,163.91,164.02,163.89,164.02,1887
2020-10-09 09:16,164.01,164.07,163.99,164.07,4291
2020-10-09 09:17,164.0299,164.04,163.97,164.01,2865
2020-10-09 09:18,164.015,164.015,164.015,164.015,1420
2020-10-09 09:19,163.96,163.99,163.94,163.976,2961
2020-10-09 09:20,163.97,163.98,163.94,163.95,3368
2020-10-09 09:21,163.95,163.98,163.92,163.96,2910
2020-10-09 09:22,163.95,163.9553,163.92,163.95,2094
2020-10-09 09:23,163.93,164.03,163.93,164.02,2292
2020-10-09 09:24,163.985,164.03,163.97,164.01,2120
2020-10-09 09:25,164.03,164.05,164.025,164.0403,1268
2020-10-09 09:26,164.02,164.05,163.94,163.94,3832
2020-10-09 09:27,163.94,163.99,163.78,163.84,16164
2020-10-09 09:28,163.84,163.87,163.795,163.83,3854
2020-10-09 09:29,163.87,163.87,163.825,163.8546,1777
2020-10-09 09:30,163.85,163.93,163.85,163.93,3877
2020-10-09 09:31,163.92,163.99,163.889,163.99,5416
2020-10-09 09:32,163.98,164.02,163.94,164.01,3637
2020-10-09 09:33,164.035,164.14,164.02,164.11,3302
2020-10-09 09:34,164.14,164.16,164.075,164.075,4738
2020-10-09 09:35,164.05,164.06,164,164.01,1274
2020-10-09 09:36,164.03,164.13,164.03,164.09,6312
2020-10-09 09:37,164.08,164.3,164.08,164.24,7890
2020-10-09 09:38,164.27,164.39,164.2457,164.28,9624
2020-10-09 09:39,164.285,164.32,164.25,164.29,2131
2020-10-09 09:40,164.25,164.28,164.24,164.28,4108
2020-10-09 09:41,164.26,164.28,164.2376,164.26,5785
2020-10-09 09:42,164.275,164.31,164.25,164.28,4952
2020-10-09 09:43,164.24,164.3,164.2,164.3,6441
2020-10-09 09:44,164.31,164.38,164.31,164.38,3163
2020-10-09 09:45,164.3419,164.51,164.3419,164.51,11208
2020-10-09 09:46,164.49,164.6,164.49,164.6,7388
2020-10-09 09:47,164.5923,164.72,164.5,164.703,81359
2020-10-09 09:48,164.67,164.75,164.6001,164.6001,6717
2020-10-09 09:49,164.61,164.68,164.57,164.67,3495
2020-10-09 09:50,164.7,164.7,164.581,164.631,2573
2020-10-09 09:51,164.46,164.5299,164.43,164.455,2070
2020-10-09 09:52,164.43,164.5535,164.43,164.52,4199
2020-10-09 09:53,164.51,164.545,164.51,164.52,1984
2020-10-09 09:54,164.53,164.55,164.48,164.5,2747
2020-10-09 09:55,164.5417,164.55,164.49,164.5,4033
2020-10-09 09:56,164.4883,164.5,164.47,164.5,2216
2020-10-09 09:57,164.49,164.5,164.4601,164.49,1789
2020-10-09 09:58,164.5347,164.5347,164.46,164.46,1891
2020-10-09 09:59,164.44,164.44,164.37,164.4,3285
2020-10-09 10:00,164.38,164.435,164.38,164.41,4737
2020-10-09 10:01,164.37,164.37,164.285,164.285,1144
2020-10-09 10:02,164.305,164.43,164.29,164.43,2811
2020-10-09 10:03,164.47,164.51,164.43,164.44,2445
2020-10-09 10:04,164.41,164.46,164.3816,164.46,1641
2020-10-09 10:05,164.425,164.54,164.425,164.54,4087
2020-10-09 10:06,164.5,164.51,164.48,164.485,3209
2020-10-09 10:07,164.46,164.51,164.46,164.51,2443
2020-10-09 10:08,164.51,164.556,164.51,164.556,3006
2020-10-09 10:09,164.54,164.68,164.52,164.6378,7010
2020-10-09 10:10,164.655,164.72,164.645,164.715,3702
2020-10-09 10:11,164.72,164.72,164.67,164.695,3809
2020-10-09 10:12,164.71,164.8,164.69,164.8,4769
2020-10-09 10:13,164.75,164.8,164.75,164.79,3045
2020-10-09 10:14,164.75,164.81,164.69,164.75,7389
2020-10-09 10:15,164.76,164.76,164.6792,164.72,3911
2020-10-09 10:16,164.69,164.75,164.67,164.68,6124
2020-10-09 10:17,164.69,164.69,164.66,164.66,1564
2020-10-09 10:18,164.71,164.72,164.61,164.61,5175
2020-10-09 10:19,164.6,164.6,164.5,164.5,2333
2020-10-09 10:20,164.51,164.52,164.46,164.495,5587
2020-10-09 10:21,164.52,164.52,164.45,164.45,2330
2020-10-09 10:22,164.45,164.5,164.45,164.46,2680
2020-10-09 10:23,164.44,164.44,164.3801,164.43,2201
2020-10-09 10:24,164.4427,164.46,164.345,164.345,2488
2020-10-09 10:25,164.3,164.33,164.26,164.3,2442
2020-10-09 10:26,164.35,164.49,164.3201,164.47,10470
2020-10-09 10:27,164.49,164.55,164.49,164.49,3214
2020-10-09 10:28,164.48,164.48,164.4547,164.465,2142
2020-10-09 10:29,164.5,164.5,164.45,164.45,2661
2020-10-09 10:30,164.48,164.52,164.46,164.5,2120
2020-10-09 10:31,164.52,164.58,164.52,164.555,2586
2020-10-09 10:32,164.555,164.65,164.555,164.65,4434
2020-10-09 10:33,164.66,164.66,164.58,164.62,3259
2020-10-09 10:34,164.62,164.65,164.5609,164.59,3934
2020-10-09 10:35,164.61,164.62,164.55,164.59,2111
2020-10-09 10:36,164.56,164.57,164.515,164.545,2353
2020-10-09 10:37,164.52,164.55,164.51,164.55,2331
2020-10-09 10:38,164.56,164.61,164.5,164.515,3731
2020-10-09 10:39,164.515,164.55,164.515,164.55,1361
2020-10-09 10:40,164.555,164.57,164.525,164.525,1855
2020-10-09 10:41,164.55,164.55,164.39,164.46,2621
2020-10-09 10:42,164.37,164.39,164.34,164.37,3094
2020-10-09 10:43,164.3077,164.42,164.3077,164.42,9879
2020-10-09 10:44,164.42,164.48,164.415,164.415,3546
2020-10-09 10:45,164.41,164.415,164.34,164.34,1210
2020-10-09 10:46,164.36,164.38,164.36,164.37,1407
2020-10-09 10:47,164.375,164.375,164.375,164.375,1137
2020-10-09 10:48,164.39,164.4,164.35,164.35,3080
2020-10-09 10:49,164.35,164.3641,164.34,164.34,1843
2020-10-09 10:50,164.37,164.39,164.37,164.39,2399
2020-10-09 10:51,164.35,164.37,164.35,164.37,1172
2020-10-09 10:52,164.35,164.39,164.32,164.39,2532
2020-10-09 10:53,164.39,164.39,164.35,164.35,1882
2020-10-09 10:54,164.36,164.41,164.35,164.41,1510
2020-10-09 10:55,164.378,164.4099,164.378,164.3961,1891
2020-10-09 10:56,164.39,164.46,164.39,164.44,1501
2020-10-09 10:57,164.4407,164.48,164.4407,164.48,2657
2020-10-09 10:58,164.48,164.48,164.41,164.42,4331
2020-10-09 10:59,164.4122,164.46,164.4,164.44,1711
2020-10-09 11:00,164.4,164.41,164.37,164.395,2547
2020-10-09 11:01,164.37,164.37,164.31,164.33,2106
2020-10-09 11:02,164.3101,164.315,164.29,164.315,2054
2020-10-09 11:03,164.34,164.44,164.34,164.44,9378
2020-10-09 11:04,164.43,164.46,164.43,164.46,1473
2020-10-09 11:05,164.47,164.49,164.39,164.39,5546
2020-10-09 11:06,164.36,164.4099,164.36,164.37,4813
2020-10-09 11:07,164.38,164.41,164.35,164.41,9174
2020-10-09 11:08,164.42,164.43,164.38,164.38,2319
2020-10-09 11:09,164.385,164.385,164.28,164.3,2819
2020-10-09 11:10,164.31,164.35,164.25,164.25,7057
2020-10-09 11:11,164.2494,164.27,164.22,164.27,2435
2020-10-09 11:12,164.27,164.3,164.27,164.29,1556
2020-10-09 11:13,164.295,164.295,164.26,164.26,1419
2020-10-09 11:14,164.26,164.26,164.24,164.24,2244
2020-10-09 11:15,164.22,164.25,164.22,164.2487,2164
2020-10-09 11:16,164.235,164.29,164.235,164.29,4516
2020-10-09 11:17,164.31,164.36,164.31,164.335,2429
2020-10-09 11:18,164.335,164.36,164.32,164.36,3765
2020-10-09 11:19,164.32,164.335,164.18,164.2,7653
2020-10-09 11:20,164.22,164.3,164.22,164.3,5901
2020-10-09 11:21,164.285,164.3,164.25,164.25,3375
2020-10-09 11:22,164.255,164.33,164.255,164.32,6321
2020-10-09 11:23,164.3366,164.3366,164.2,164.21,5964
2020-10-09 11:24,164.21,164.31,164.2,164.28,6699
2020-10-09 11:25,164.28,164.29,164.15,164.22,9087
2020-10-09 11:26,164.23,164.25,164.21,164.2153,5163
2020-10-09 11:27,164.2,164.25,164.2,164.22,1745
2020-10-09 11:28,164.24,164.24,164.19,164.21,8197
2020-10-09 11:29,164.21,164.25,164.21,164.25,2058
2020-10-09 11:30,164.25,164.27,164.17,164.21,12546
2020-10-09 11:31,164.22,164.26,164.13,164.13,13629
2020-10-09 11:32,164.15,164.16,164.11,164.135,4371
2020-10-09 11:33,164.15,164.18,164.15,164.18,4125
2020-10-09 11:34,164.16,164.1819,164.15,164.18,1364
2020-10-09 11:35,164.19,164.19,164.14,164.155,4307
2020-10-09 11:36,164.14,164.15,164.14,164.14,1534
2020-10-09 11:37,164.13,164.15,164.13,164.14,2081
2020-10-09 11:38,164.14,164.17,164.12,164.12,4256
2020-10-09 11:39,164.1,164.12,163.9,164.06,13662
2020-10-09 11:40,164.01,164.15,164,164.113,5625
2020-10-09 11:41,164.13,164.19,164.12,164.17,4511
2020-10-09 11:42,164.16,164.16,164.1,164.1003,4232
2020-10-09 11:43,164.12,164.1501,164.11,164.1501,3693
2020-10-09 11:44,164.18,164.21,164.18,164.18,1344
2020-10-09 11:45,164.19,164.19,164.14,164.16,5394
2020-10-09 11:46,164.15,164.15,164.09,164.145,3321
2020-10-09 11:47,164.15,164.21,164.08,164.08,4905
2020-10-09 11:48,164.04,164.06,164,164.01,1404
2020-10-09 11:49,164,164.07,164,164.04,5230
2020-10-09 11:50,164.02,164.02,163.98,163.98,5214
2020-10-09 11:51,163.99,164.02,163.9514,164,5595
2020-10-09 11:52,164.0155,164.1,164,164.03,4018
2020-10-09 11:53,164,164.01,163.99,164.01,3495
2020-10-09 11:54,164.03,164.05,164.01,164.01,4630
2020-10-09 11:55,164.02,164.03,163.9499,163.9499,3207
2020-10-09 11:56,163.955,163.98,163.9343,163.97,5372
2020-10-09 11:57,163.97,163.98,163.943,163.98,5719
2020-10-09 11:58,163.96,163.97,163.92,163.92,2150
2020-10-09 11:59,163.9115,163.94,163.9,163.91,1132
2020-10-09 12:00,163.91,163.9721,163.9,163.9721,2953
2020-10-09 12:01,163.93,163.93,163.85,163.86,3292
2020-10-09 12:02,163.88,163.89,163.86,163.88,4284
2020-10-09 12:03,163.89,163.9,163.81,163.81,3634
2020-10-09 12:04,163.8,163.82,163.75,163.76,6325
2020-10-09 12:05,163.7657,163.87,163.74,163.79,28037
2020-10-09 12:06,163.79,163.81,163.66,163.675,9393
2020-10-09 12:07,163.66,163.71,163.6534,163.69,5702
2020-10-09 12:08,163.67,163.67,163.62,163.62,937
2020-10-09 12:09,163.65,163.65,163.58,163.58,3886
2020-10-09 12:10,163.55,163.6,163.55,163.585,5040
2020-10-09 12:11,163.57,163.58,163.53,163.56,14875
2020-10-09 12:12,163.55,163.64,163.53,163.64,8897
2020-10-09 12:13,163.6571,163.74,163.65,163.72,6078
2020-10-09 12:14,163.69,163.71,163.66,163.66,3161
2020-10-09 12:15,163.66,163.66,163.63,163.65,3382
2020-10-09 12:16,163.645,163.645,163.58,163.63,5846
2020-10-09 12:17,163.63,163.69,163.62,163.69,5507
2020-10-09 12:18,163.67,163.7,163.66,163.69,5031
2020-10-09 12:19,163.71,163.71,163.68,163.7,3416
2020-10-09 12:20,163.71,163.78,163.71,163.78,15770
2020-10-09 12:21,163.78,163.78,163.74,163.77,14524
2020-10-09 12:22,163.75,163.75,163.69,163.73,7474
2020-10-09 12:23,163.69,163.74,163.69,163.74,5111
2020-10-09 12:24,163.74,163.81,163.74,163.78,4456
2020-10-09 12:25,163.77,163.81,163.75,163.77,5643
2020-10-09 12:26,163.76,163.7799,163.73,163.745,5537
2020-10-09 12:27,163.75,163.7599,163.71,163.7201,4564
2020-10-09 12:28,163.76,163.76,163.73,163.735,3548
2020-10-09 12:29,163.7224,163.75,163.71,163.73,5815
2020-10-09 12:30,163.74,163.77,163.7,163.705,10403
2020-10-09 12:31,163.7,163.72,163.65,163.65,4420
2020-10-09 12:32,163.64,163.64,163.57,163.59,6104
2020-10-09 12:33,163.59,163.59,163.46,163.55,13896
2020-10-09 12:34,163.55,163.565,163.51,163.52,8461
2020-10-09 12:35,163.52,163.52,163.37,163.43,5402
2020-10-09 12:36,163.45,163.47,163.44,163.47,6218
2020-10-09 12:37,163.47,163.52,163.465,163.51,7986
2020-10-09 12:38,163.5,163.54,163.49,163.5,5910
2020-10-09 12:39,163.5,163.51,163.48,163.48,4752
2020-10-09 12:40,163.48,163.66,163.48,163.66,7888
2020-10-09 12:41,163.68,163.78,163.61,163.62,10464
2020-10-09 12:42,163.66,163.71,163.66,163.69,6686
2020-10-09 12:43,163.675,163.73,163.655,163.7,7562
2020-10-09 12:44,163.7,163.72,163.63,163.7,8519
2020-10-09 12:45,163.68,163.69,163.64,163.66,6853
2020-10-09 12:46,163.66,163.78,163.66,163.72,22221
2020-10-09 12:47,163.73,163.74,163.6381,163.67,7734
2020-10-09 12:48,163.65,163.65,163.6,163.6,5626
2020-10-09 12:49,163.5735,163.58,163.515,163.57,8581
2020-10-09 12:50,163.6,163.76,163.59,163.59,20659
2020-10-09 12:51,163.6,163.63,163.56,163.63,11522
2020-10-09 12:52,163.63,163.63,163.58,163.595,11270
2020-10-09 12:53,163.58,163.6,163.51,163.56,11306
2020-10-09 12:54,163.57,163.73,163.54,163.65,20120
2020-10-09 12:55,163.64,163.75,163.5,163.52,21019
2020-10-09 12:56,163.52,163.585,163.49,163.58,23318
2020-10-09 12:57,163.56,163.65,163.555,163.6,14129
2020-10-09 12:58,163.5603,163.7,163.5603,163.67,34228
2020-10-09 12:59,163.66,163.81,163.64,163.72,48144
2020-10-12 06:30,164.3,164.45,163.88,164.43,96957
2020-10-12 06:31,164.41,164.69,164.3765,164.495,28394
2020-10-12 06:32,164.485,164.52,164.14,164.14,5662
2020-10-12 06:33,164.235,164.3199,163.75,163.75,17337
2020-10-12 06:34,163.81,164.04,163.66,163.9711,15584
2020-10-12 06:35,164.04,164.25,163.9962,164.2,10820
2020-10-12 06:36,164.24,164.44,164.15,164.44,13007
2020-10-12 06:37,164.445,164.54,164.44,164.51,8497
2020-10-12 06:38,164.47,164.62,164.3147,164.375,20828
2020-10-12 06:39,164.29,164.4099,164.15,164.34,28140
2020-10-12 06:40,164.38,164.55,164.38,164.49,5473
2020-10-12 06:41,164.4527,164.4527,164.04,164.26,12805
2020-10-12 06:42,164.21,164.25,164.04,164.04,5716
2020-10-12 06:43,164.04,164.29,164.015,164.25,5764
2020-10-12 06:44,164.2731,164.37,164.2731,164.29,5737
2020-10-12 06:45,164.31,164.44,164.2735,164.33,4573
2020-10-12 06:46,164.35,164.38,163.91,163.9651,20943
2020-10-12 06:47,163.98,164.16,163.9555,164.16,14867
2020-10-12 06:48,164.21,164.31,164.1883,164.2226,5258
2020-10-12 06:49,164.2,164.26,164.03,164.1317,2477
2020-10-12 06:50,164.21,164.33,163.93,163.935,4927
2020-10-12 06:51,163.9,164.1194,163.9,164.1194,4424
2020-10-12 06:52,164.02,164.02,163.86,163.93,7253
2020-10-12 06:53,163.94,164.1065,163.93,164.03,4291
2020-10-12 06:54,164.04,164.24,164.04,164.04,6642
2020-10-12 06:55,164.04,164.2,164.04,164.14,7192
2020-10-12 06:56,164.17,164.3294,164.1,164.3294,3189
2020-10-12 06:57,164.33,164.36,164.27,164.31,3674
2020-10-12 06:58,164.3369,164.48,164.29,164.29,5958
2020-10-12 06:59,164.33,164.33,164.22,164.22,1825
2020-10-12 07:00,164.21,164.31,164.21,164.3,4740
2020-10-12 07:01,164.3,164.33,164.16,164.17,6390
2020-10-12 07:02,164.15,164.35,164.12,164.35,11377
2020-10-12 07:03,164.32,164.49,164.32,164.485,3791
2020-10-12 07:04,164.46,164.46,164.33,164.45,2701
2020-10-12 07:05,164.46,164.6,164.3901,164.6,3662
2020-10-12 07:06,164.5401,164.6,164.44,164.44,4234
2020-10-12 07:07,164.41,164.4399,164.34,164.38,1352
2020-10-12 07:08,164.4,164.45,164.3384,164.3384,4869
2020-10-12 07:09,164.37,164.37,164.12,164.12,2187
2020-10-12 07:10,164.1689,164.25,164.13,164.13,3778
2020-10-12 07:11,164.09,164.27,164.04,164.27,8075
2020-10-12 07:12,164.245,164.3,164.22,164.24,4554
2020-10-12 07:13,164.265,164.2999,164.2386,164.25,1763
2020-10-12 07:14,164.26,164.26,164.085,164.085,2948
2020-10-12 07:15,164.15,164.23,164.15,164.23,5643
2020-10-12 07:16,164.17,164.31,164.16,164.31,2670
2020-10-12 07:17,164.34,164.36,164.325,164.36,6598
2020-10-12 07:18,164.41,164.41,164.25,164.25,7478
2020-10-12 07:19,164.32,164.51,164.32,164.47,3621
2020-10-12 07:20,164.46,164.46,164.25,164.25,3399
2020-10-12 07:21,164.27,164.36,164.22,164.31,3290
2020-10-12 07:22,164.32,164.37,164.27,164.3,2835
2020-10-12 07:23,164.34,164.38,164.265,164.265,3226
2020-10-12 07:24,164.25,164.33,164.25,164.32,2014
2020-10-12 07:25,164.34,164.34,164.17,164.17,5146
2020-10-12 07:26,164.16,164.1801,164.14,164.14,1972
2020-10-12 07:27,164.04,164.18,164.04,164.155,4013
2020-10-12 07:28,164.155,164.22,164.14,164.19,2999
2020-10-12 07:29,164.16,164.16,164.07,164.16,2740
2020-10-12 07:30,164.11,164.1478,164.04,164.07,2905
2020-10-12 07:31,164.04,164.04,163.92,163.93,6591
2020-10-12 07:32,163.88,163.89,163.71,163.72,4992
2020-10-12 07:33,163.72,163.95,163.71,163.94,9298
2020-10-12 07:34,163.94,163.94,163.81,163.81,3318
2020-10-12 07:35,163.815,163.86,163.8,163.85,4167
2020-10-12 07:36,163.77,163.86,163.76,163.83,3835
2020-10-12 07:37,163.8445,163.85,163.82,163.82,1781
2020-10-12 07:38,163.82,163.82,163.755,163.755,2816
2020-10-12 07:39,163.781,163.82,163.781,163.82,2290
2020-10-12 07:40,163.7678,163.845,163.76,163.76,3889
2020-10-12 07:41,163.768,163.78,163.715,163.715,4105
2020-10-12 07:42,163.725,163.725,163.62,163.655,4669
2020-10-12 07:43,163.65,163.715,163.63,163.715,3705
2020-10-12 07:44,163.75,163.83,163.74,163.75,5091
2020-10-12 07:45,163.75,163.81,163.72,163.72,3090
2020-10-12 07:46,163.69,163.73,163.63,163.73,2425
2020-10-12 07:47,163.78,163.82,163.75,163.75,3654
2020-10-12 07:48,163.78,163.93,163.76,163.9,3976
2020-10-12 07:49,163.9,163.9,163.8483,163.8483,1692
2020-10-12 07:50,163.865,163.96,163.865,163.8848,2928
2020-10-12 07:51,163.8901,163.964,163.8901,163.94,1872
2020-10-12 07:52,163.91,164.1,163.88,164.1,6258
2020-10-12 07:53,164.0695,164.19,164.0695,164.1899,4199
2020-10-12 07:54,164.175,164.25,164.15,164.25,6064
2020-10-12 07:55,164.2,164.24,164.01,164.037,4608
2020-10-12 07:56,164.01,164.1,163.83,164.075,12852
2020-10-12 07:57,164.075,164.135,164.01,164.01,7405
2020-10-12 07:58,164.0496,164.07,163.99,164.07,10363
2020-10-12 07:59,164.09,164.13,164.0686,164.1145,3256
2020-10-12 08:00,164.13,164.23,164.13,164.15,2000
2020-10-12 08:01,164.165,164.2,164.125,164.13,2388
2020-10-12 08:02,164.09,164.18,164.05,164.18,4583
2020-10-12 08:03,164.18,164.29,164.18,164.26,2826
2020-10-12 08:04,164.29,164.29,164.245,164.29,3565
2020-10-12 08:05,164.28,164.29,164.25,164.25,4460
2020-10-12 08:06,164.2701,164.35,164.2701,164.35,2884
2020-10-12 08:07,164.36,164.42,164.36,164.41,1819
2020-10-12 08:08,164.41,164.49,164.405,164.46,4662
2020-10-12 08:09,164.42,164.5,164.4,164.46,7464
2020-10-12 08:10,164.49,164.49,164.395,164.395,2646
2020-10-12 08:11,164.395,164.44,164.35,164.44,1320
2020-10-12 08:12,164.41,164.415,164.38,164.409,1849
2020-10-12 08:13,164.4001,164.5,164.4001,164.46,5559
2020-10-12 08:14,164.46,164.46,164.36,164.44,3558
2020-10-12 08:15,164.39,164.415,164.39,164.415,1187
2020-10-12 08:16,164.4,164.42,164.34,164.34,4611
2020-10-12 08:17,164.31,164.4172,164.31,164.413,3793
2020-10-12 08:18,164.42,164.42,164.37,164.42,2566
2020-10-12 08:19,164.4154,164.4154,164.37,164.395,2749
2020-10-12 08:20,164.43,164.585,164.43,164.585,7636
2020-10-12 08:21,164.56,164.74,164.55,164.74,17957
2020-10-12 08:22,164.72,164.75,164.63,164.63,8679
2020-10-12 08:23,164.615,164.71,164.615,164.7,3656
2020-10-12 08:24,164.71,164.71,164.4201,164.45,10794
2020-10-12 08:25,164.45,164.5,164.41,164.45,6189
2020-10-12 08:26,164.5,164.56,164.5,164.52,3370
2020-10-12 08:27,164.54,164.54,164.41,164.455,5537
2020-10-12 08:28,164.4711,164.6,164.4711,164.53,6943
2020-10-12 08:29,164.58,164.61,164.52,164.54,3306
2020-10-12 08:30,164.51,164.62,164.51,164.605,3180
2020-10-12 08:31,164.605,164.67,164.605,164.64,4221
2020-10-12 08:32,164.69,164.7,164.65,164.675,2985
2020-10-12 08:33,164.69,164.82,164.68,164.79,9213
2020-10-12 08:34,164.8,164.8,164.76,164.796,2638
2020-10-12 08:35,164.8199,164.88,164.78,164.843,2763
2020-10-12 08:36,164.84,164.84,164.7703,164.8033,2448
2020-10-12 08:37,164.78,164.78,164.72,164.7204,2281
2020-10-12 08:38,164.68,164.74,164.68,164.68,1571
2020-10-12 08:39,164.71,164.82,164.71,164.79,3655
2020-10-12 08:40,164.79,164.81,164.78,164.78,2248
2020-10-12 08:41,164.825,164.85,164.8001,164.8001,4485
2020-10-12 08:42,164.81,164.81,164.71,164.754,3461
2020-10-12 08:43,164.77,164.77,164.65,164.675,3806
2020-10-12 08:44,164.7,164.75,164.7,164.75,645
2020-10-12 08:45,164.73,164.77,164.73,164.75,1679
2020-10-12 08:46,164.72,164.75,164.67,164.71,2149
2020-10-12 08:47,164.69,164.69,164.64,164.665,1379
2020-10-12 08:48,164.63,164.63,164.6,164.6,3643
2020-10-12 08:49,164.575,164.575,164.53,164.53,2665
2020-10-12 08:50,164.575,164.6,164.575,164.6,1250
2020-10-12 08:51,164.61,164.64,164.61,164.6284,1345
2020-10-12 08:52,164.67,164.6914,164.64,164.64,1092
2020-10-12 08:53,164.61,164.61,164.585,164.6043,1014
2020-10-12 08:54,164.6,164.7,164.55,164.65,3367
2020-10-12 08:55,164.65,164.6914,164.65,164.68,1652
2020-10-12 08:56,164.67,164.7633,164.67,164.71,2169
2020-10-12 08:57,164.77,164.77,164.7578,164.7578,647
2020-10-12 08:58,164.77,164.77,164.66,164.667,2508
2020-10-12 08:59,164.7184,164.7184,164.6679,164.675,1533
2020-10-12 09:00,164.66,164.68,164.52,164.52,2219
2020-10-12 09:02,164.61,164.67,164.55,164.65,2721
2020-10-12 09:03,164.64,164.645,164.62,164.64,1174
2020-10-12 09:04,164.67,164.69,164.67,164.69,836
2020-10-12 09:05,164.715,164.724,164.69,164.724,1604
2020-10-12 09:06,164.71,164.73,164.7,164.73,829
2020-10-12 09:07,164.7,164.74,164.7,164.715,1831
2020-10-12 09:08,164.7,164.705,164.7,164.705,1265
2020-10-12 09:09,164.67,164.67,164.61,164.62,2109
2020-10-12 09:10,164.65,164.68,164.635,164.68,2236
2020-10-12 09:11,164.6933,164.6933,164.59,164.59,1204
2020-10-12 09:12,164.63,164.67,164.63,164.67,1734
2020-10-12 09:13,164.67,164.6837,164.65,164.66,1935
2020-10-12 09:14,164.665,164.7305,164.66,164.67,3254
2020-10-12 09:15,164.68,164.74,164.68,164.7,3773
2020-10-12 09:16,164.75,164.79,164.75,164.76,2182
2020-10-12 09:17,164.77,164.77,164.69,164.7031,4019
2020-10-12 09:18,164.735,164.76,164.7105,164.74,2305
2020-10-12 09:19,164.76,164.76,164.725,164.725,915
2020-10-12 09:20,164.76,164.88,164.76,164.85,4259
2020-10-12 09:21,164.85,164.85,164.81,164.81,819
2020-10-12 09:22,164.845,164.89,164.83,164.89,3971
2020-10-12 09:23,164.89,164.9099,164.88,164.9099,1389
2020-10-12 09:24,164.86,164.9,164.86,164.9,1954
2020-10-12 09:25,164.9,164.91,164.87,164.87,2388
2020-10-12 09:26,164.91,164.91,164.81,164.8692,970
2020-10-12 09:27,164.81,164.84,164.81,164.83,1779
2020-10-12 09:28,164.8067,164.825,164.77,164.77,1961
2020-10-12 09:29,164.75,164.825,164.75,164.825,3370
2020-10-12 09:30,164.77,164.875,164.77,164.875,2149
2020-10-12 09:31,164.85,164.87,164.79,164.87,4745
2020-10-12 09:32,164.865,164.88,164.86,164.88,1995
2020-10-12 09:33,164.88,164.89,164.8501,164.88,3263
2020-10-12 09:34,164.85,164.87,164.83,164.835,1505
2020-10-12 09:35,164.82,164.91,164.815,164.91,2091
2020-10-12 09:36,164.91,164.98,164.89,164.95,2327
2020-10-12 09:37,164.94,164.94,164.865,164.865,1306
2020-10-12 09:38,164.865,164.9,164.865,164.9,678
2020-10-12 09:39,164.88,164.93,164.87,164.9,1941
2020-10-12 09:40,164.965,164.9815,164.93,164.93,1173
2020-10-12 09:41,164.9,164.9,164.84,164.87,1745
2020-10-12 09:42,164.85,164.86,164.7901,164.85,2669
2020-10-12 09:43,164.85,164.89,164.8401,164.89,3982
2020-10-12 09:44,164.86,164.8629,164.82,164.845,2275
2020-10-12 09:45,164.82,164.82,164.77,164.8,1832
2020-10-12 09:46,164.79,164.84,164.79,164.83,2613
2020-10-12 09:47,164.8,164.83,164.77,164.83,3272
2020-10-12 09:48,164.82,164.82,164.74,164.75,1841
2020-10-12 09:49,164.72,164.81,164.72,164.81,3608
2020-10-12 09:50,164.83,164.85,164.735,164.74,2203
2020-10-12 09:51,164.71,164.73,164.65,164.65,802
2020-10-12 09:52,164.71,164.77,164.67,164.77,1210
2020-10-12 09:53,164.73,164.87,164.73,164.81,3460
2020-10-12 09:54,164.79,164.8,164.75,164.77,2872
2020-10-12 09:55,164.78,164.8,164.75,164.78,4359
2020-10-12 09:56,164.74,164.77,164.725,164.725,2445
2020-10-12 09:57,164.715,164.75,164.715,164.73,1410
2020-10-12 09:58,164.78,164.79,164.72,164.7499,2577
2020-10-12 09:59,164.717,164.717,164.6606,164.71,2634
2020-10-12 10:00,164.73,164.73,164.68,164.68,2011
2020-10-12 10:01,164.695,164.695,164.66,164.67,585
2020-10-12 10:02,164.7,164.71,164.68,164.68,1835
2020-10-12 10:03,164.67,164.67,164.57,164.57,5230
2020-10-12 10:04,164.59,164.65,164.56,164.56,4378
2020-10-12 10:05,164.605,164.64,164.55,164.6044,1231
2020-10-12 10:06,164.605,164.64,164.58,164.6,711
2020-10-12 10:07,164.58,164.64,164.58,164.64,3005
2020-10-12 10:08,164.65,164.675,164.65,164.675,1385
2020-10-12 10:09,164.7,164.7,164.65,164.6678,1998
2020-10-12 10:10,164.66,164.69,164.66,164.67,1118
2020-10-12 10:11,164.66,164.6623,164.66,164.6623,613
2020-10-12 10:12,164.655,164.68,164.655,164.68,1891
2020-10-12 10:13,164.68,164.68,164.68,164.68,285
2020-10-12 10:14,164.68,164.75,164.675,164.73,9541
2020-10-12 10:15,164.745,164.87,164.73,164.87,3581
2020-10-12 10:16,164.85,164.93,164.85,164.93,2653
2020-10-12 10:17,164.94,164.99,164.9161,164.99,3437
2020-10-12 10:18,164.94,165.1,164.94,165.07,14102
2020-10-12 10:19,165.05,165.075,165,165.02,4606
2020-10-12 10:20,164.97,164.99,164.9301,164.98,2608
2020-10-12 10:21,164.955,165.025,164.955,165.01,4031
2020-10-12 10:22,165.015,165.05,165.015,165.015,842
2020-10-12 10:23,165.04,165.06,165,165.04,3683
2020-10-12 10:24,165.0342,165.11,165.01,165.11,2986
2020-10-12 10:25,165.06,165.13,165.05,165.11,3647
2020-10-12 10:26,165.121,165.17,165.1,165.15,3389
2020-10-12 10:27,165.1,165.1,165.01,165.05,6186
2020-10-12 10:28,165.05,165.1,165.05,165.1,4599
2020-10-12 10:29,165.1,165.12,165.04,165.12,1610
2020-10-12 10:30,165.13,165.165,165.1,165.16,3006
2020-10-12 10:31,165.1699,165.1699,165.1201,165.145,3870
2020-10-12 10:32,165.11,165.15,165.1,165.12,1398
2020-10-12 10:33,165.09,165.1,165.06,165.08,4018
2020-10-12 10:34,165.05,165.05,164.99,165.01,1532
2020-10-12 10:35,164.98,165.03,164.86,164.86,3541
2020-10-12 10:36,164.85,164.85,164.79,164.82,4852
2020-10-12 10:37,164.85,164.93,164.85,164.87,3856
2020-10-12 10:38,164.96,164.96,164.9,164.954,3427
2020-10-12 10:39,164.94,165.03,164.94,165.03,3353
2020-10-12 10:40,165.06,165.06,164.87,164.87,1699
2020-10-12 10:41,164.83,164.84,164.82,164.82,2294
2020-10-12 10:42,164.78,164.7907,164.77,164.7907,826
2020-10-12 10:43,164.76,164.8,164.67,164.7001,4167
2020-10-12 10:44,164.719,164.84,164.719,164.8098,2082
2020-10-12 10:45,164.8781,164.9022,164.84,164.86,1857
2020-10-12 10:46,164.79,164.81,164.785,164.795,866
2020-10-12 10:47,164.785,164.785,164.67,164.67,2789
2020-10-12 10:48,164.6787,164.71,164.625,164.63,2782
2020-10-12 10:49,164.65,164.7791,164.65,164.7791,1795
2020-10-12 10:50,164.84,164.85,164.765,164.765,2299
2020-10-12 10:51,164.77,164.7847,164.76,164.7847,1326
2020-10-12 10:52,164.795,164.84,164.775,164.84,2182
2020-10-12 10:53,164.81,164.84,164.7728,164.7728,890
2020-10-12 10:54,164.775,164.81,164.775,164.81,501
2020-10-12 10:55,164.8,164.8,164.76,164.76,2234
2020-10-12 10:56,164.74,164.74,164.66,164.67,1102
2020-10-12 10:57,164.74,164.81,164.74,164.81,2118
2020-10-12 10:58,164.84,164.84,164.74,164.785,1730
2020-10-12 10:59,164.79,164.79,164.78,164.79,2610
2020-10-12 11:00,164.83,164.835,164.81,164.8256,1030
2020-10-12 11:01,164.86,164.9,164.84,164.88,1822
2020-10-12 11:02,164.92,164.98,164.9,164.98,1434
2020-10-12 11:03,164.93,164.955,164.87,164.87,2805
2020-10-12 11:04,164.88,164.88,164.86,164.86,599
2020-10-12 11:05,164.8471,164.97,164.81,164.92,2990
2020-10-12 11:06,164.87,164.905,164.87,164.89,1615
2020-10-12 11:07,164.9,164.9,164.8007,164.8007,1721
2020-10-12 11:08,164.84,164.84,164.8,164.835,1402
2020-10-12 11:09,164.87,164.93,164.83,164.91,3211
2020-10-12 11:10,164.88,164.95,164.88,164.95,2500
2020-10-12 11:11,164.9161,164.95,164.88,164.92,3993
2020-10-12 11:12,164.97,164.97,164.885,164.92,2248
2020-10-12 11:13,164.91,164.94,164.89,164.9,9759
2020-10-12 11:14,164.89,164.93,164.8875,164.9,1786
2020-10-12 11:15,164.88,164.885,164.81,164.86,3324
2020-10-12 11:16,164.86,164.88,164.82,164.87,3702
2020-10-12 11:17,164.86,164.867,164.84,164.84,2085
2020-10-12 11:18,164.8522,164.89,164.8,164.87,3154
2020-10-12 11:19,164.89,164.915,164.87,164.87,3218
2020-10-12 11:20,164.86,164.91,164.86,164.91,3126
2020-10-12 11:21,164.89,165.11,164.86,164.99,21547
2020-10-12 11:22,165,165.04,164.88,164.91,7056
2020-10-12 11:23,164.95,164.975,164.83,164.83,3310
2020-10-12 11:24,164.84,164.88,164.8,164.86,4890
2020-10-12 11:25,164.9,164.95,164.86,164.92,2072
2020-10-12 11:26,164.86,164.89,164.79,164.79,2497
2020-10-12 11:27,164.81,164.94,164.81,164.86,2929
2020-10-12 11:28,164.86,164.93,164.85,164.92,2054
2020-10-12 11:29,164.94,164.94,164.89,164.89,2031
2020-10-12 11:30,164.87,164.88,164.846,164.87,1424
2020-10-12 11:31,164.85,164.865,164.84,164.84,1596
2020-10-12 11:32,164.875,164.935,164.84,164.84,6518
2020-10-12 11:33,164.865,164.88,164.8,164.87,5250
2020-10-12 11:34,164.87,164.87,164.77,164.77,3006
2020-10-12 11:35,164.75,164.9,164.75,164.89,7740
2020-10-12 11:36,164.92,164.97,164.91,164.9425,3465
2020-10-12 11:37,164.97,165.1,164.92,165.09,5432
2020-10-12 11:38,165.11,165.17,165.04,165.135,7711
2020-10-12 11:39,165.12,165.18,165.0999,165.117,4415
2020-10-12 11:40,165.16,165.27,165.14,165.25,4129
2020-10-12 11:41,165.21,165.25,165.1601,165.17,4525
2020-10-12 11:42,165.195,165.23,165.105,165.17,5449
2020-10-12 11:43,165.11,165.29,165.09,165.28,5973
2020-10-12 11:44,165.27,165.37,165.26,165.32,6453
2020-10-12 11:45,165.32,165.49,165.3,165.435,5109
2020-10-12 11:46,165.38,165.47,165.38,165.425,2853
2020-10-12 11:47,165.425,165.435,165.315,165.315,3898
2020-10-12 11:48,165.31,165.36,165.27,165.335,2432
2020-10-12 11:49,165.34,165.48,165.32,165.45,5783
2020-10-12 11:50,165.43,165.44,165.3201,165.3201,7712
2020-10-12 11:51,165.355,165.44,165.3357,165.405,4522
2020-10-12 11:52,165.39,165.41,165.35,165.37,5907
2020-10-12 11:53,165.325,165.39,165.3101,165.34,19192
2020-10-12 11:54,165.34,165.37,165.24,165.3,3991
2020-10-12 11:55,165.29,165.37,165.29,165.33,6051
2020-10-12 11:56,165.305,165.335,165.27,165.335,2823
2020-10-12 11:57,165.335,165.355,165.23,165.28,11164
2020-10-12 11:58,165.3,165.3,165.15,165.155,7360
2020-10-12 11:59,165.1621,165.22,165.11,165.2094,8963
2020-10-12 12:00,165.155,165.18,165.03,165.03,6206
2020-10-12 12:01,165.0502,165.0502,164.99,165.005,8271
2020-10-12 12:02,164.99,165.04,164.86,165.01,5354
2020-10-12 12:03,165,165.05,164.99,165,4146
2020-10-12 12:04,164.95,165.01,164.93,165,3062
2020-10-12 12:05,164.95,164.99,164.94,164.98,2074
2020-10-12 12:06,164.97,164.98,164.87,164.89,10168
2020-10-12 12:07,164.9,164.91,164.84,164.84,12782
2020-10-12 12:08,164.82,164.89,164.78,164.835,6392
2020-10-12 12:09,164.84,164.87,164.74,164.75,8454
2020-10-12 12:10,164.79,164.811,164.7,164.7,6748
2020-10-12 12:11,164.71,164.75,164.68,164.71,7145
2020-10-12 12:12,164.7053,164.7053,164.66,164.69,6063
2020-10-12 12:13,164.69,164.69,164.5733,164.605,6120
2020-10-12 12:14,164.605,164.62,164.5,164.5,13063
2020-10-12 12:15,164.52,164.535,164.49,164.51,12535
2020-10-12 12:16,164.49,164.54,164.46,164.48,8525
2020-10-12 12:17,164.51,164.515,164.41,164.435,4474
2020-10-12 12:18,164.41,164.42,164.3401,164.4058,3808
2020-10-12 12:19,164.45,164.54,164.34,164.52,15387
2020-10-12 12:20,164.51,164.55,164.49,164.54,10862
2020-10-12 12:21,164.54,164.5859,164.5,164.5859,7333
2020-10-12 12:22,164.6,164.63,164.505,164.505,12404
2020-10-12 12:23,164.48,164.48,164.37,164.435,5714
2020-10-12 12:24,164.43,164.465,164.43,164.465,2974
2020-10-12 12:25,164.465,164.465,164.28,164.28,9833
2020-10-12 12:26,164.3,164.4,164.28,164.4,6949
2020-10-12 12:27,164.405,164.405,164.24,164.26,8593
2020-10-12 12:28,164.24,164.35,164.24,164.35,8518
2020-10-12 12:29,164.33,164.35,164.23,164.25,10676
2020-10-12 12:30,164.22,164.28,164.2,164.28,3863
2020-10-12 12:31,164.35,164.44,164.3,164.44,4760
2020-10-12 12:32,164.42,164.48,164.26,164.32,5018
2020-10-12 12:33,164.345,164.35,164.27,164.31,10695
2020-10-12 12:34,164.3,164.34,164.276,164.29,6159
2020-10-12 12:35,164.29,164.32,164.255,164.2828,4164
2020-10-12 12:36,164.32,164.32,164.21,164.24,5741
2020-10-12 12:37,164.2399,164.31,164.18,164.19,5895
2020-10-12 12:38,164.27,164.3,164.23,164.265,3633
2020-10-12 12:39,164.28,164.3,164.2,164.23,3308
2020-10-12 12:40,164.23,164.34,164.23,164.32,6809
2020-10-12 12:41,164.31,164.34,164.27,164.274,13460
2020-10-12 12:42,164.29,164.38,164.25,164.38,5185
2020-10-12 12:43,164.41,164.41,164.35,164.35,6703
2020-10-12 12:44,164.31,164.365,164.3,164.36,9682
2020-10-12 12:45,164.39,164.55,164.39,164.55,6898
2020-10-12 12:46,164.52,164.54,164.48,164.54,6220
2020-10-12 12:47,164.53,164.58,164.52,164.5372,10062
2020-10-12 12:48,164.535,164.65,164.49,164.65,13020
2020-10-12 12:49,164.625,164.625,164.46,164.48,12162
2020-10-12 12:50,164.43,164.58,164.35,164.48,16430
2020-10-12 12:51,164.49,164.56,164.46,164.54,13067
2020-10-12 12:52,164.54,164.54,164.38,164.38,5920
2020-10-12 12:53,164.38,164.41,164.3475,164.395,8831
2020-10-12 12:54,164.41,164.46,164.39,164.41,12149
2020-10-12 12:55,164.45,164.6,164.42,164.42,18348
2020-10-12 12:56,164.44,164.55,164.42,164.47,20380
2020-10-12 12:57,164.47,164.52,164.43,164.48,14097
2020-10-12 12:58,164.47,164.47,164.36,164.42,12778
2020-10-12 12:59,164.42,164.61,164.4,164.52,38981
2020-10-13 06:31,164.57,164.94,164.57,164.8,106873
2020-10-13 06:32,164.76,164.89,164.15,164.45,8751
2020-10-13 06:33,164.645,165,164.64,165,7906
2020-10-13 06:34,164.96,165.05,164.855,164.91,6457
2020-10-13 06:35,164.9456,165.04,164.82,164.98,5674
2020-10-13 06:36,165.03,165.18,164.84,165.03,9067
2020-10-13 06:37,165.035,165.11,164.89,164.96,5241
2020-10-13 06:38,165.03,165.235,165.03,165.17,12821
2020-10-13 06:39,165.15,165.31,164.95,165.08,4834
2020-10-13 06:40,165.11,165.25,165.05,165.08,4718
2020-10-13 06:41,165.02,165.02,164.84,164.96,5301
2020-10-13 06:42,164.97,165.49,164.96,165.49,8871
2020-10-13 06:43,165.49,165.63,165.48,165.54,8345
2020-10-13 06:44,165.51,165.58,165.1,165.1,12404
2020-10-13 06:45,165.09,165.42,165.09,165.23,4644
2020-10-13 06:46,165.23,165.325,165.12,165.28,11512
2020-10-13 06:47,165.26,165.31,164.8,164.9,11508
2020-10-13 06:48,164.88,164.88,164.71,164.76,8605
2020-10-13 06:49,164.72,164.76,164.6,164.655,6464
2020-10-13 06:50,164.665,164.99,164.59,164.9721,10716
2020-10-13 06:51,164.94,164.98,164.82,164.97,9536
2020-10-13 06:52,164.98,165.1,164.83,164.83,4132
2020-10-13 06:53,164.74,164.77,164.53,164.56,5810
2020-10-13 06:54,164.595,164.76,164.565,164.725,5195
2020-10-13 06:55,164.75,164.92,164.75,164.89,5960
2020-10-13 06:56,164.91,165.15,164.85,165.12,4763
2020-10-13 06:57,165.141,165.31,165.1,165.25,3312
2020-10-13 06:58,165.3294,165.34,165.18,165.19,3910
2020-10-13 06:59,165.19,165.24,165.08,165.11,8211
2020-10-13 07:00,165.14,165.35,165.115,165.17,4626
2020-10-13 07:01,165.215,165.46,165.2101,165.43,4698
2020-10-13 07:02,165.52,165.56,165.46,165.47,5322
2020-10-13 07:03,165.4667,165.4667,165.41,165.425,3104
2020-10-13 07:04,165.4244,165.64,165.4144,165.5,13082
2020-10-13 07:05,165.45,165.475,165.355,165.4741,4464
2020-10-13 07:06,165.43,165.45,165.26,165.28,3588
2020-10-13 07:07,165.2401,165.3,165.21,165.21,3843
2020-10-13 07:08,165.19,165.21,165.03,165.075,2675
2020-10-13 07:09,165.09,165.145,165,165,4120
2020-10-13 07:10,164.99,165,164.87,164.89,4792
2020-10-13 07:11,164.88,164.88,164.69,164.77,4246
2020-10-13 07:12,164.77,164.82,164.69,164.74,4598
2020-10-13 07:13,164.745,164.86,164.745,164.765,3438
2020-10-13 07:14,164.76,164.85,164.76,164.78,3010
2020-10-13 07:15,164.755,164.785,164.674,164.73,4060
2020-10-13 07:16,164.84,165.1099,164.8,165.1,11073
2020-10-13 07:17,165.13,165.13,165.07,165.1,2676
2020-10-13 07:18,165.03,165.05,164.98,165.05,4092
2020-10-13 07:19,165.01,165.01,164.89,164.96,2101
2020-10-13 07:20,165,165.04,164.98,165.04,3629
2020-10-13 07:21,165.09,165.1,165.01,165.05,2754
2020-10-13 07:22,165.125,165.19,165.1005,165.13,3083
2020-10-13 07:23,165.13,165.18,165.11,165.18,2143
2020-10-13 07:24,165.22,165.35,165.21,165.29,5161
2020-10-13 07:25,165.28,165.375,165.28,165.375,4679
2020-10-13 07:26,165.35,165.5,165.31,165.495,5782
2020-10-13 07:27,165.52,165.55,165.48,165.51,12660
2020-10-13 07:28,165.49,165.55,165.44,165.44,3576
2020-10-13 07:29,165.49,165.49,165.39,165.39,2821
2020-10-13 07:30,165.34,165.36,165.23,165.23,2813
2020-10-13 07:31,165.27,165.4,165.25,165.38,4967
2020-10-13 07:32,165.36,165.41,165.245,165.245,3851
2020-10-13 07:33,165.22,165.29,165.14,165.29,3252
2020-10-13 07:34,165.36,165.36,165.28,165.3,2582
2020-10-13 07:35,165.36,165.45,165.36,165.4,2615
2020-10-13 07:36,165.46,165.52,165.36,165.38,5809
2020-10-13 07:37,165.35,165.47,165.34,165.46,2633
2020-10-13 07:38,165.465,165.49,165.45,165.45,1747
2020-10-13 07:39,165.42,165.475,165.41,165.44,2505
2020-10-13 07:40,165.47,165.54,165.41,165.44,3250
2020-10-13 07:41,165.42,165.49,165.4,165.48,4279
2020-10-13 07:42,165.46,165.475,165.36,165.405,4397
2020-10-13 07:43,165.38,165.495,165.37,165.495,4228
2020-10-13 07:44,165.46,165.49,165.45,165.475,3587
2020-10-13 07:45,165.51,165.57,165.375,165.375,7081
2020-10-13 07:46,165.375,165.45,165.375,165.43,2766
2020-10-13 07:47,165.41,165.42,165.38,165.42,1841
2020-10-13 07:48,165.47,165.47,165.4,165.43,4489
2020-10-13 07:49,165.46,165.51,165.43,165.49,4355
2020-10-13 07:50,165.46,165.51,165.43,165.46,3094
2020-10-13 07:51,165.4705,165.49,165.4273,165.485,2196
2020-10-13 07:52,165.51,165.51,165.495,165.495,528
2020-10-13 07:53,165.525,165.64,165.525,165.61,4146
2020-10-13 07:54,165.62,165.74,165.6,165.74,4937
2020-10-13 07:55,165.74,165.76,165.64,165.675,4370
2020-10-13 07:56,165.66,165.75,165.6074,165.7,2989
2020-10-13 07:57,165.77,165.85,165.76,165.83,7932
2020-10-13 07:58,165.85,165.98,165.73,165.93,10584
2020-10-13 07:59,165.9,166.18,165.88,166.14,16555
2020-10-13 08:00,166.19,166.395,166.14,166.36,16256
2020-10-13 08:01,166.33,166.33,166.23,166.235,4078
2020-10-13 08:02,166.21,166.284,166.13,166.284,4808
2020-10-13 08:03,166.2687,166.29,166.21,166.21,3655
2020-10-13 08:04,166.27,166.34,166.2675,166.3,5404
2020-10-13 08:05,166.29,166.35,166.27,166.285,4391
2020-10-13 08:06,166.27,166.295,166.1635,166.28,6288
2020-10-13 08:07,166.295,166.3,166.25,166.25,3926
2020-10-13 08:08,166.28,166.375,166.27,166.36,6374
2020-10-13 08:09,166.31,166.48,166.305,166.44,6879
2020-10-13 08:10,166.4656,166.53,166.43,166.5,6002
2020-10-13 08:11,166.54,166.62,166.46,166.57,7867
2020-10-13 08:12,166.5671,166.67,166.51,166.67,7812
2020-10-13 08:13,166.675,166.675,166.54,166.55,4521
2020-10-13 08:14,166.53,166.55,166.49,166.5,4876
2020-10-13 08:15,166.52,166.6362,166.51,166.55,4764
2020-10-13 08:16,166.54,166.57,166.48,166.57,5894
2020-10-13 08:17,166.52,166.535,166.48,166.49,3383
2020-10-13 08:18,166.46,166.47,166.34,166.35,3243
2020-10-13 08:19,166.35,166.35,166.26,166.26,3254
2020-10-13 08:20,166.306,166.45,166.27,166.3965,3911
2020-10-13 08:21,166.382,166.4,166.28,166.29,4163
2020-10-13 08:22,166.3,166.3044,166.29,166.29,1231
2020-10-13 08:23,166.285,166.285,166.15,166.21,5458
2020-10-13 08:24,166.19,166.27,166.08,166.17,3420
2020-10-13 08:25,166.16,166.19,166.11,166.12,5112
2020-10-13 08:26,166.12,166.215,166.075,166.075,3888
2020-10-13 08:27,166.12,166.14,166.07,166.1,2417
2020-10-13 08:28,166.05,166.05,165.955,165.955,2869
2020-10-13 08:29,165.93,166.005,165.93,165.98,2899
2020-10-13 08:30,165.985,166.0217,165.88,165.88,2141
2020-10-13 08:31,165.88,165.97,165.87,165.92,4828
2020-10-13 08:32,165.95,165.99,165.89,165.89,6072
2020-10-13 08:33,165.9399,166.0699,165.89,166.0699,5290
2020-10-13 08:34,166.06,166.07,165.92,165.92,2355
2020-10-13 08:35,165.956,166.01,165.92,165.98,1933
2020-10-13 08:36,165.99,166.0385,165.97,166,3126
2020-10-13 08:37,165.975,166.02,165.975,166.0168,957
2020-10-13 08:38,166.01,166.08,165.96,165.96,4936
2020-10-13 08:39,165.96,165.96,165.81,165.84,3302
2020-10-13 08:40,165.8383,165.93,165.8383,165.84,2156
2020-10-13 08:41,165.8,165.8,165.6,165.69,7503
2020-10-13 08:42,165.63,165.7055,165.55,165.66,5405
2020-10-13 08:43,165.69,165.78,165.665,165.76,6937
2020-10-13 08:44,165.7483,165.7483,165.69,165.72,1453
2020-10-13 08:45,165.8,165.8,165.68,165.68,1705
2020-10-13 08:46,165.68,165.71,165.61,165.61,2611
2020-10-13 08:47,165.57,165.57,165.53,165.53,1159
2020-10-13 08:48,165.54,165.7,165.5,165.7,3584
2020-10-13 08:49,165.75,165.75,165.68,165.68,2441
2020-10-13 08:50,165.71,165.83,165.71,165.81,4833
2020-10-13 08:51,165.77,165.87,165.75,165.85,2238
2020-10-13 08:52,165.87,165.88,165.77,165.77,4306
2020-10-13 08:53,165.8,165.8,165.7,165.7,1772
2020-10-13 08:54,165.72,165.8236,165.72,165.805,2236
2020-10-13 08:55,165.88,165.88,165.73,165.73,2814
2020-10-13 08:56,165.8,165.87,165.78,165.82,1469
2020-10-13 08:57,165.81,165.83,165.8,165.82,2355
2020-10-13 08:58,165.84,165.875,165.84,165.84,1434
2020-10-13 08:59,165.865,165.87,165.8,165.8066,3546
2020-10-13 09:00,165.85,165.905,165.84,165.905,1766
2020-10-13 09:01,165.87,165.88,165.85,165.88,1973
2020-10-13 09:02,165.89,165.89,165.81,165.81,2749
2020-10-13 09:03,165.785,165.83,165.7768,165.7768,2216
2020-10-13 09:04,165.78,165.84,165.765,165.78,3464
2020-10-13 09:05,165.81,165.81,165.76,165.8,2984
2020-10-13 09:06,165.83,165.94,165.83,165.94,5183
2020-10-13 09:07,165.94,166.03,165.92,165.98,3257
2020-10-13 09:08,165.97,165.97,165.92,165.97,2502
2020-10-13 09:09,165.965,165.98,165.92,165.9627,3109
2020-10-13 09:10,165.97,166,165.83,165.83,5912
2020-10-13 09:11,165.77,165.95,165.77,165.945,3022
2020-10-13 09:12,165.91,165.95,165.83,165.87,3188
2020-10-13 09:13,165.88,165.94,165.87,165.92,1960
2020-10-13 09:14,165.94,166.015,165.94,166,2725
2020-10-13 09:15,165.99,166.02,165.99,166.01,1300
2020-10-13 09:16,166.02,166.09,166.02,166.08,4146
2020-10-13 09:17,166.0726,166.075,165.98,166.03,4301
2020-10-13 09:18,166.0372,166.0641,166.01,166.04,2938
2020-10-13 09:19,166.04,166.14,166.04,166.1,2588
2020-10-13 09:20,166.0999,166.12,166.0999,166.12,1132
2020-10-13 09:21,166.155,166.19,166.155,166.18,1072
2020-10-13 09:22,166.17,166.17,166.085,166.11,1662
2020-10-13 09:23,166.11,166.16,166.11,166.1275,2407
2020-10-13 09:24,166.095,166.14,166.07,166.12,2714
2020-10-13 09:25,166.15,166.151,166.09,166.0968,1951
2020-10-13 09:26,166.13,166.13,166.03,166.03,1717
2020-10-13 09:27,166.03,166.08,165.99,165.99,2813
2020-10-13 09:28,165.95,166.05,165.95,166.03,2644
2020-10-13 09:29,166.05,166.05,166,166.01,1975
2020-10-13 09:30,166.01,166.06,166.01,166.035,1640
2020-10-13 09:31,166.035,166.11,166.01,166.01,3293
2020-10-13 09:32,166.005,166.04,166,166.04,3305
2020-10-13 09:33,166.03,166.05,166.02,166.045,1759
2020-10-13 09:34,166.05,166.05,165.94,165.94,2980
2020-10-13 09:35,165.9,165.9,165.86,165.88,1411
2020-10-13 09:36,165.87,165.87,165.71,165.71,4535
2020-10-13 09:37,165.68,165.81,165.68,165.7715,3298
2020-10-13 09:38,165.77,165.77,165.7305,165.75,1595
2020-10-13 09:39,165.7567,165.78,165.7,165.71,2471
2020-10-13 09:40,165.71,165.76,165.71,165.76,1651
2020-10-13 09:41,165.774,165.83,165.774,165.83,1311
2020-10-13 09:42,165.87,165.88,165.85,165.86,2008
2020-10-13 09:43,165.88,165.91,165.84,165.855,2618
2020-10-13 09:44,165.83,165.86,165.83,165.85,1298
2020-10-13 09:45,165.835,165.85,165.81,165.81,1419
2020-10-13 09:46,165.8,165.81,165.78,165.78,1490
2020-10-13 09:47,165.785,165.8218,165.73,165.73,6286
2020-10-13 09:48,165.71,165.73,165.67,165.72,4647
2020-10-13 09:49,165.76,165.77,165.75,165.76,1394
2020-10-13 09:50,165.73,165.77,165.72,165.75,1303
2020-10-13 09:51,165.7604,165.78,165.695,165.695,2923
2020-10-13 09:52,165.68,165.7,165.6679,165.6818,1747
2020-10-13 09:53,165.69,165.69,165.65,165.68,1224
2020-10-13 09:54,165.67,165.67,165.62,165.67,2542
2020-10-13 09:55,165.71,165.77,165.71,165.77,1580
2020-10-13 09:56,165.74,165.79,165.71,165.79,4955
2020-10-13 09:57,165.8382,165.86,165.83,165.83,1541
2020-10-13 09:58,165.81,165.82,165.75,165.78,1924
2020-10-13 09:59,165.75,165.78,165.75,165.75,1012
2020-10-13 10:00,165.742,165.81,165.73,165.8,2929
2020-10-13 10:01,165.78,165.86,165.78,165.86,1881
2020-10-13 10:02,165.87,165.88,165.79,165.79,3540
2020-10-13 10:03,165.79,165.79,165.69,165.71,3065
2020-10-13 10:04,165.68,165.7,165.51,165.51,7901
2020-10-13 10:05,165.54,165.64,165.54,165.64,2743
2020-10-13 10:06,165.63,165.63,165.58,165.6,1389
2020-10-13 10:07,165.61,165.64,165.59,165.61,4121
2020-10-13 10:08,165.58,165.58,165.35,165.35,4341
2020-10-13 10:09,165.37,165.41,165.3,165.3,2741
2020-10-13 10:10,165.315,165.33,165.29,165.32,1305
2020-10-13 10:11,165.34,165.355,165.18,165.18,2586
2020-10-13 10:12,165.15,165.37,165.15,165.2717,5684
2020-10-13 10:13,165.28,165.31,165.22,165.31,1982
2020-10-13 10:14,165.25,165.26,165.2,165.24,2351
2020-10-13 10:15,165.25,165.34,165.22,165.34,3832
2020-10-13 10:16,165.39,165.44,165.3608,165.42,4600
2020-10-13 10:17,165.45,165.45,165.25,165.3501,5811
2020-10-13 10:18,165.4,165.47,165.39,165.39,2048
2020-10-13 10:19,165.38,165.38,165.33,165.35,2136
2020-10-13 10:20,165.34,165.42,165.32,165.42,2242
2020-10-13 10:21,165.41,165.52,165.41,165.45,6565
2020-10-13 10:22,165.47,165.49,165.43,165.43,3095
2020-10-13 10:23,165.38,165.43,165.25,165.37,4847
2020-10-13 10:24,165.42,165.42,165.31,165.4,1399
2020-10-13 10:25,165.35,165.46,165.35,165.46,832
2020-10-13 10:26,165.49,165.55,165.48,165.53,3021
2020-10-13 10:27,165.5581,165.57,165.51,165.53,4002
2020-10-13 10:28,165.5,165.53,165.46,165.53,2222
2020-10-13 10:29,165.4601,165.51,165.45,165.49,2132
2020-10-13 10:30,165.48,165.51,165.43,165.49,2871
2020-10-13 10:31,165.54,165.54,165.475,165.48,2348
2020-10-13 10:32,165.45,165.5002,165.45,165.5002,939
2020-10-13 10:33,165.52,165.52,165.48,165.495,2180
2020-10-13 10:34,165.46,165.52,165.39,165.46,3002
2020-10-13 10:35,165.451,165.451,165.38,165.41,3027
2020-10-13 10:36,165.45,165.45,165.37,165.42,2591
2020-10-13 10:37,165.43,165.48,165.43,165.46,2078
2020-10-13 10:38,165.5,165.54,165.4671,165.49,6033
2020-10-13 10:39,165.46,165.55,165.43,165.51,4507
2020-10-13 10:40,165.56,165.66,165.56,165.66,1161
2020-10-13 10:41,165.625,165.73,165.57,165.72,5469
2020-10-13 10:42,165.735,165.735,165.68,165.7,4654
2020-10-13 10:43,165.64,165.64,165.5401,165.565,1701
2020-10-13 10:44,165.56,165.56,165.46,165.53,2444
2020-10-13 10:45,165.52,165.52,165.51,165.51,955
2020-10-13 10:46,165.545,165.605,165.54,165.605,1406
2020-10-13 10:47,165.63,165.68,165.595,165.63,1353
2020-10-13 10:48,165.64,165.68,165.64,165.65,752
2020-10-13 10:49,165.625,165.67,165.625,165.65,1672
2020-10-13 10:50,165.64,165.68,165.64,165.68,1531
2020-10-13 10:51,165.685,165.7,165.62,165.65,3641
2020-10-13 10:52,165.61,165.61,165.5,165.5,1157
2020-10-13 10:53,165.53,165.59,165.5139,165.52,4058
2020-10-13 10:54,165.53,165.57,165.53,165.54,770
2020-10-13 10:55,165.54,165.58,165.52,165.54,2558
2020-10-13 10:56,165.53,165.53,165.4,165.41,4822
2020-10-13 10:57,165.39,165.41,165.3,165.33,3571
2020-10-13 10:58,165.306,165.306,165.29,165.29,758
2020-10-13 10:59,165.2801,165.37,165.2801,165.3,2541
2020-10-13 11:00,165.22,165.255,165.19,165.24,3241
2020-10-13 11:01,165.2101,165.31,165.2101,165.27,3344
2020-10-13 11:02,165.286,165.33,165.255,165.31,1486
2020-10-13 11:03,165.33,165.41,165.33,165.375,3592
2020-10-13 11:04,165.34,165.43,165.3351,165.39,2665
2020-10-13 11:05,165.33,165.45,165.33,165.43,4088
2020-10-13 11:06,165.431,165.5123,165.39,165.455,9235
2020-10-13 11:07,165.41,165.41,165.29,165.32,6972
2020-10-13 11:08,165.33,165.33,165.22,165.28,4741
2020-10-13 11:09,165.3,165.42,165.3,165.4,3850
2020-10-13 11:10,165.365,165.37,165.345,165.37,1490
2020-10-13 11:11,165.365,165.365,165.2,165.27,11566
2020-10-13 11:12,165.25,165.3394,165.21,165.315,11738
2020-10-13 11:13,165.29,165.29,165.2,165.23,5097
2020-10-13 11:14,165.24,165.295,165.23,165.23,2883
2020-10-13 11:15,165.285,165.29,165.24,165.29,3267
2020-10-13 11:16,165.276,165.41,165.276,165.41,2297
2020-10-13 11:17,165.42,165.4205,165.36,165.36,3095
2020-10-13 11:18,165.37,165.41,165.35,165.41,2247
2020-10-13 11:19,165.43,165.43,165.4,165.42,1712
2020-10-13 11:20,165.42,165.42,165.32,165.33,4034
2020-10-13 11:21,165.32,165.34,165.3,165.3,2457
2020-10-13 11:22,165.29,165.29,165.1839,165.23,3063
2020-10-13 11:23,165.27,165.27,165.23,165.23,1494
2020-10-13 11:24,165.245,165.42,165.245,165.4049,2945
2020-10-13 11:25,165.46,165.51,165.42,165.42,3955
2020-10-13 11:26,165.41,165.45,165.41,165.42,2350
2020-10-13 11:27,165.37,165.42,165.36,165.383,1662
2020-10-13 11:28,165.35,165.37,165.17,165.17,3180
2020-10-13 11:29,165.21,165.28,165.15,165.15,4074
2020-10-13 11:30,165.17,165.18,164.8801,164.96,20624
2020-10-13 11:31,164.96,165.03,164.96,165,2228
2020-10-13 11:32,165.01,165.06,164.99,165.06,1647
2020-10-13 11:33,165.08,165.3,165.08,165.2562,3982
2020-10-13 11:34,165.27,165.33,165.25,165.26,3288
2020-10-13 11:35,165.27,165.27,165.08,165.1,3709
2020-10-13 11:36,165.08,165.21,165.05,165.21,4426
2020-10-13 11:37,165.21,165.22,165.09,165.1,4103
2020-10-13 11:38,165.15,165.25,165.1201,165.22,3239
2020-10-13 11:39,165.2499,165.28,165.21,165.27,1748
2020-10-13 11:40,165.33,165.33,165.24,165.24,2422
2020-10-13 11:41,165.26,165.27,165.23,165.27,1706
2020-10-13 11:42,165.25,165.29,165.22,165.265,2340
2020-10-13 11:43,165.25,165.3,165.25,165.26,3076
2020-10-13 11:44,165.25,165.26,165.1901,165.234,2527
2020-10-13 11:45,165.24,165.32,165.12,165.14,11856
2020-10-13 11:46,165.15,165.175,165.13,165.13,4027
2020-10-13 11:47,165.165,165.165,165.1,165.127,2619
2020-10-13 11:48,165.11,165.2799,165.11,165.2799,1473
2020-10-13 11:49,165.255,165.29,165.23,165.235,3104
2020-10-13 11:50,165.26,165.285,165.24,165.27,1807
2020-10-13 11:51,165.26,165.2854,165.18,165.18,2931
2020-10-13 11:52,165.185,165.22,165.12,165.12,2333
2020-10-13 11:53,165.075,165.1,165.06,165.06,1326
2020-10-13 11:54,165.07,165.12,165.07,165.09,2668
2020-10-13 11:55,165.12,165.23,165.12,165.23,3577
2020-10-13 11:56,165.23,165.29,165.23,165.255,2055
2020-10-13 11:57,165.2558,165.29,165.23,165.23,2751
2020-10-13 11:58,165.2173,165.27,165.2,165.25,3200
2020-10-13 11:59,165.28,165.33,165.28,165.3,2763
2020-10-13 12:00,165.24,165.42,165.215,165.42,2067
2020-10-13 12:01,165.4134,165.4134,165.33,165.37,3013
2020-10-13 12:02,165.36,165.48,165.36,165.48,11369
2020-10-13 12:03,165.47,165.47,165.41,165.47,2127
2020-10-13 12:04,165.49,165.49,165.44,165.44,2721
2020-10-13 12:05,165.42,165.47,165.41,165.4401,2761
2020-10-13 12:06,165.445,165.47,165.415,165.415,4677
2020-10-13 12:07,165.42,165.48,165.405,165.48,2167
2020-10-13 12:08,165.45,165.5,165.44,165.47,3946
2020-10-13 12:09,165.47,165.47,165.365,165.39,3602
2020-10-13 12:10,165.44,165.53,165.44,165.51,1308
2020-10-13 12:11,165.49,165.605,165.49,165.57,3106
2020-10-13 12:12,165.55,165.61,165.54,165.61,2817
2020-10-13 12:13,165.616,165.6914,165.616,165.6914,1552
2020-10-13 12:14,165.651,165.7,165.561,165.59,6916
2020-10-13 12:15,165.551,165.57,165.5497,165.565,2157
2020-10-13 12:16,165.57,165.6,165.52,165.52,3982
2020-10-13 12:17,165.54,165.59,165.54,165.55,3181
2020-10-13 12:18,165.5738,165.71,165.56,165.64,5723
2020-10-13 12:19,165.67,165.69,165.66,165.66,2605
2020-10-13 12:20,165.65,165.74,165.64,165.735,5797
2020-10-13 12:21,165.7653,165.7653,165.7,165.7413,4082
2020-10-13 12:22,165.76,165.8,165.72,165.79,4194
2020-10-13 12:23,165.78,165.8544,165.78,165.8544,1793
2020-10-13 12:24,165.83,165.85,165.76,165.82,4571
2020-10-13 12:25,165.81,165.85,165.81,165.83,2781
2020-10-13 12:26,165.82,165.915,165.82,165.905,6130
2020-10-13 12:27,165.9,165.97,165.87,165.88,5019
2020-10-13 12:28,165.86,165.87,165.81,165.86,4807
2020-10-13 12:29,165.87,165.905,165.84,165.86,5563
2020-10-13 12:30,165.88,165.99,165.88,165.99,5061
2020-10-13 12:31,165.99,165.99,165.91,165.98,5471
2020-10-13 12:32,165.9479,166.01,165.93,165.97,7214
2020-10-13 12:33,165.99,166.11,165.99,166.1,4003
2020-10-13 12:34,166.085,166.18,166.07,166.16,4581
2020-10-13 12:35,166.175,166.22,166.11,166.11,6749
2020-10-13 12:36,166.1122,166.16,166.06,166.08,4877
2020-10-13 12:37,166.06,166.06,165.94,165.94,5896
2020-10-13 12:38,165.92,165.92,165.8,165.8,4029
2020-10-13 12:39,165.82,165.87,165.82,165.86,3069
2020-10-13 12:40,165.89,165.94,165.88,165.91,6748
2020-10-13 12:41,165.91,165.925,165.86,165.9,6322
2020-10-13 12:42,165.93,165.96,165.89,165.94,3682
2020-10-13 12:43,165.945,165.95,165.91,165.92,4032
2020-10-13 12:44,165.92,165.94,165.875,165.9,4403
2020-10-13 12:45,165.9,166.005,165.89,166,8893
2020-10-13 12:46,165.955,165.97,165.9,165.91,8022
2020-10-13 12:47,165.92,165.92,165.85,165.87,7743
2020-10-13 12:48,165.86,165.86,165.7,165.71,13579
2020-10-13 12:49,165.73,165.7647,165.65,165.67,11059
2020-10-13 12:50,165.64,165.77,165.6,165.74,15747
2020-10-13 12:51,165.71,165.775,165.675,165.69,11959
2020-10-13 12:52,165.7,165.72,165.615,165.69,13288
2020-10-13 12:53,165.68,165.68,165.61,165.66,13229
2020-10-13 12:54,165.65,165.75,165.64,165.72,13094
2020-10-13 12:55,165.72,165.8,165.59,165.8,20887
2020-10-13 12:56,165.76,165.76,165.65,165.705,13286
2020-10-13 12:57,165.705,165.705,165.61,165.63,14311
2020-10-13 12:58,165.63,165.71,165.61,165.66,14423
2020-10-13 12:59,165.67,165.71,165.605,165.65,31657
2020-10-14 06:30,165.98,165.98,165.98,165.98,71519
2020-10-14 06:31,166.01,166.16,165.925,166.05,4164
2020-10-14 06:32,166.09,166.1,165.89,165.89,3389
2020-10-14 06:33,165.88,165.9059,165.77,165.8192,3549
2020-10-14 06:34,165.72,165.72,165.53,165.5825,5142
2020-10-14 06:35,165.52,165.54,165.375,165.415,13458
2020-10-14 06:36,165.305,165.5137,165.305,165.5,3483
2020-10-14 06:37,165.41,165.43,165.15,165.15,4294
2020-10-14 06:38,165.17,165.19,165.035,165.075,3842
2020-10-14 06:39,165.11,165.145,165.08,165.105,4026
2020-10-14 06:40,165.095,165.16,165.09,165.16,3124
2020-10-14 06:41,165.0984,165.2,165.06,165.2,3455
2020-10-14 06:42,165.185,165.36,165.185,165.36,4253
2020-10-14 06:43,165.39,165.39,165.28,165.29,2470
2020-10-14 06:44,165.28,165.28,165.215,165.215,495
2020-10-14 06:45,165.21,165.22,165.105,165.16,2811
2020-10-14 06:46,165.19,165.51,165.19,165.51,4368
2020-10-14 06:47,165.55,165.71,165.508,165.61,9393
2020-10-14 06:48,165.53,165.5352,165.46,165.492,2700
2020-10-14 06:49,165.52,165.52,165.3,165.3,4896
2020-10-14 06:50,165.309,165.309,165.07,165.07,5642
2020-10-14 06:51,165.07,165.24,164.99,164.99,5446
2020-10-14 06:52,164.95,165.18,164.95,165.08,5957
2020-10-14 06:53,165.12,165.16,165.11,165.138,3324
2020-10-14 06:54,165.211,165.34,165.211,165.27,2695
2020-10-14 06:55,165.22,165.25,165.1987,165.23,2846
2020-10-14 06:56,165.21,165.24,165.115,165.24,33624
2020-10-14 06:57,165.29,165.5,165.29,165.39,3344
2020-10-14 06:58,165.44,165.47,165.42,165.44,3414
2020-10-14 06:59,165.4,165.4,165.29,165.345,2505
2020-10-14 07:00,165.3664,165.38,165.235,165.2353,2351
2020-10-14 07:01,165.2,165.22,165,165.0084,4263
2020-10-14 07:02,164.97,165.03,164.9,165,6238
2020-10-14 07:03,164.98,165.05,164.97,165.02,1896
2020-10-14 07:04,165.04,165.12,164.67,164.84,15479
2020-10-14 07:05,164.9,165.1417,164.9,165.1417,7130
2020-10-14 07:06,165.16,165.2499,165.13,165.22,8473
2020-10-14 07:07,165.245,165.3499,165.245,165.325,1591
2020-10-14 07:08,165.3,165.3,165.175,165.22,2660
2020-10-14 07:09,165.23,165.25,165.09,165.09,2646
2020-10-14 07:10,165.14,165.2015,165.04,165.09,5411
2020-10-14 07:11,165.05,165.06,164.98,165.03,4109
2020-10-14 07:12,165,165.02,164.95,165.02,2594
2020-10-14 07:13,165.075,165.1,164.975,164.975,3216
2020-10-14 07:14,164.91,164.9475,164.9,164.94,2482
2020-10-14 07:15,164.95,164.99,164.825,164.88,3358
2020-10-14 07:16,164.81,164.83,164.76,164.8053,2595
2020-10-14 07:17,164.78,164.83,164.78,164.805,2873
2020-10-14 07:18,164.82,164.86,164.77,164.85,9536
2020-10-14 07:19,164.85,164.86,164.78,164.8375,6020
2020-10-14 07:20,164.85,164.9075,164.815,164.82,4299
2020-10-14 07:21,164.82,164.87,164.8,164.87,16847
2020-10-14 07:22,164.87,164.87,164.75,164.84,14477
2020-10-14 07:23,164.85,164.88,164.787,164.87,11751
2020-10-14 07:24,164.84,164.84,164.72,164.82,3468
2020-10-14 07:25,164.84,164.84,164.59,164.6,8413
2020-10-14 07:26,164.57,164.66,164.4,164.4122,6555
2020-10-14 07:27,164.43,164.49,164.41,164.45,2424
2020-10-14 07:28,164.5,164.58,164.46,164.58,7996
2020-10-14 07:29,164.56,164.56,164.48,164.48,4607
2020-10-14 07:30,164.52,164.56,164.475,164.4975,4636
2020-10-14 07:31,164.51,164.53,164.365,164.4,9543
2020-10-14 07:32,164.38,164.42,164.29,164.3264,5871
2020-10-14 07:33,164.325,164.325,164.19,164.21,6998
2020-10-14 07:34,164.21,164.21,164.13,164.18,5532
2020-10-14 07:35,164.17,164.27,164.15,164.2191,12398
2020-10-14 07:36,164.24,164.44,164.21,164.425,7321
2020-10-14 07:37,164.41,164.41,164.365,164.38,1740
2020-10-14 07:38,164.385,164.51,164.385,164.46,3170
2020-10-14 07:39,164.42,164.43,164.34,164.375,2525
2020-10-14 07:40,164.37,164.4,164.365,164.4,2074
2020-10-14 07:41,164.39,164.41,164.345,164.4,7836
2020-10-14 07:42,164.3835,164.4,164.35,164.35,3670
2020-10-14 07:43,164.345,164.395,164.33,164.351,2753
2020-10-14 07:44,164.375,164.43,164.36,164.395,4533
2020-10-14 07:45,164.395,164.5699,164.3778,164.5699,5058
2020-10-14 07:46,164.51,164.54,164.4814,164.49,4847
2020-10-14 07:47,164.51,164.51,164.45,164.45,2470
2020-10-14 07:48,164.43,164.505,164.42,164.505,2752
2020-10-14 07:49,164.53,164.54,164.46,164.47,2991
2020-10-14 07:50,164.46,164.5,164.4,164.44,2907
2020-10-14 07:51,164.44,164.453,164.38,164.453,5615
2020-10-14 07:52,164.39,164.45,164.39,164.45,2333
2020-10-14 07:53,164.45,164.51,164.4,164.4075,3490
2020-10-14 07:54,164.415,164.435,164.39,164.39,1906
2020-10-14 07:55,164.42,164.42,164.33,164.35,3333
2020-10-14 07:56,164.345,164.36,164.34,164.36,866
2020-10-14 07:57,164.38,164.4,164.34,164.39,4867
2020-10-14 07:58,164.43,164.5,164.43,164.43,3071
2020-10-14 07:59,164.47,164.5,164.39,164.5,5113
2020-10-14 08:00,164.49,164.5236,164.41,164.45,3825
2020-10-14 08:01,164.428,164.428,164.33,164.33,4652
2020-10-14 08:02,164.335,164.335,164.26,164.285,6622
2020-10-14 08:03,164.265,164.27,164.13,164.19,4352
2020-10-14 08:04,164.185,164.208,164.145,164.145,1234
2020-10-14 08:05,164.17,164.3,164.17,164.3,2778
2020-10-14 08:06,164.31,164.41,164.31,164.41,10600
2020-10-14 08:07,164.41,164.43,164.305,164.415,3796
2020-10-14 08:08,164.38,164.47,164.38,164.46,1816
2020-10-14 08:09,164.47,164.69,164.45,164.6499,6928
2020-10-14 08:10,164.61,164.67,164.61,164.67,956
2020-10-14 08:11,164.63,164.63,164.53,164.58,2877
2020-10-14 08:12,164.58,164.58,164.49,164.51,1413
2020-10-14 08:13,164.455,164.455,164.385,164.43,2657
2020-10-14 08:14,164.38,164.39,164.34,164.34,9918
2020-10-14 08:15,164.35,164.4,164.3494,164.4,4937
2020-10-14 08:16,164.365,164.365,164.26,164.26,8890
2020-10-14 08:17,164.24,164.29,164.2301,164.2301,1917
2020-10-14 08:18,164.29,164.31,164.27,164.3011,1704
2020-10-14 08:19,164.27,164.3,164.25,164.275,3750
2020-10-14 08:20,164.28,164.315,164.26,164.315,4831
2020-10-14 08:21,164.29,164.31,164.25,164.29,1583
2020-10-14 08:22,164.315,164.38,164.315,164.32,2935
2020-10-14 08:23,164.285,164.285,164.22,164.22,1567
2020-10-14 08:24,164.21,164.21,164.17,164.181,5891
2020-10-14 08:25,164.185,164.185,164.095,164.095,4263
2020-10-14 08:26,164.12,164.19,164.12,164.12,3670
2020-10-14 08:27,164.115,164.115,164.06,164.085,2047
2020-10-14 08:28,164.09,164.15,164.06,164.06,6227
2020-10-14 08:29,164.06,164.07,164.03,164.04,4093
2020-10-14 08:30,164.04,164.055,163.92,163.955,20272
2020-10-14 08:31,163.97,163.97,163.75,163.75,5068
2020-10-14 08:32,163.76,163.77,163.67,163.7274,7446
2020-10-14 08:33,163.71,163.77,163.705,163.705,4214
2020-10-14 08:34,163.705,163.705,163.66,163.67,2204
2020-10-14 08:35,163.665,163.78,163.665,163.7,3688
2020-10-14 08:36,163.7216,163.7216,163.625,163.68,5475
2020-10-14 08:37,163.69,163.7437,163.69,163.74,1986
2020-10-14 08:38,163.71,163.71,163.637,163.6875,2748
2020-10-14 08:39,163.64,163.7116,163.63,163.6518,7718
2020-10-14 08:40,163.69,163.82,163.65,163.82,6591
2020-10-14 08:41,163.8026,163.83,163.74,163.7618,2998
2020-10-14 08:42,163.83,163.9626,163.82,163.94,2729
2020-10-14 08:43,163.94,163.94,163.78,163.885,6658
2020-10-14 08:44,163.88,163.88,163.855,163.855,1167
2020-10-14 08:45,163.83,163.84,163.655,163.655,8427
2020-10-14 08:46,163.6501,163.67,163.3,163.3,23321
2020-10-14 08:47,163.28,163.28,163.1,163.22,10219
2020-10-14 08:48,163.26,163.27,163.165,163.24,3377
2020-10-14 08:49,163.25,163.315,163.25,163.28,3791
2020-10-14 08:50,163.3,163.359,163.26,163.26,4319
2020-10-14 08:51,163.28,163.35,163.26,163.265,3079
2020-10-14 08:52,163.228,163.34,163.228,163.32,2847
2020-10-14 08:53,163.31,163.31,163.1501,163.22,2893
2020-10-14 08:54,163.21,163.23,162.79,162.839,18123
2020-10-14 08:55,162.855,163.0899,162.855,163.04,5991
2020-10-14 08:56,163.08,163.08,163.045,163.045,1483
2020-10-14 08:57,163.055,163.11,163.055,163.09,2125
2020-10-14 08:58,163.06,163.06,162.985,163.01,2521
2020-10-14 08:59,162.94,162.99,162.84,162.88,4560
2020-10-14 09:00,162.93,163.1,162.905,163.07,4518
2020-10-14 09:01,163.04,163.2119,163.01,163.2119,4348
2020-10-14 09:02,163.22,163.24,163.12,163.14,4944
2020-10-14 09:03,163.13,163.14,163.025,163.06,3440
2020-10-14 09:04,163.025,163.16,163.025,163.1401,3515
2020-10-14 09:05,163.1,163.2,163.09,163.19,2968
2020-10-14 09:06,163.2,163.24,163.1,163.24,19730
2020-10-14 09:07,163.25,163.27,163.12,163.12,4068
2020-10-14 09:08,163.14,163.14,162.98,163.02,4699
2020-10-14 09:09,163.01,163.13,163.01,163.12,2224
2020-10-14 09:10,163.11,163.1433,162.94,162.94,2653
2020-10-14 09:11,162.955,162.97,162.88,162.95,2120
2020-10-14 09:12,162.83,162.84,162.75,162.84,2197
2020-10-14 09:13,162.8501,162.9244,162.77,162.9244,5792
2020-10-14 09:14,162.86,162.875,162.83,162.875,2938
2020-10-14 09:15,162.9,162.9,162.815,162.89,4501
2020-10-14 09:16,162.86,162.881,162.835,162.855,2281
2020-10-14 09:17,162.865,162.97,162.85,162.94,7911
2020-10-14 09:18,162.97,163.03,162.84,162.84,43856
2020-10-14 09:19,162.85,162.85,162.77,162.801,2354
2020-10-14 09:20,162.81,162.84,162.7975,162.84,2477
2020-10-14 09:21,162.815,162.82,162.76,162.78,5305
2020-10-14 09:22,162.76,162.77,162.68,162.685,6090
2020-10-14 09:23,162.69,162.76,162.665,162.665,16189
2020-10-14 09:24,162.7,162.71,162.605,162.605,6900
2020-10-14 09:25,162.63,162.7241,162.6,162.7241,3501
2020-10-14 09:26,162.73,162.78,162.71,162.78,2635
2020-10-14 09:27,162.7635,162.84,162.76,162.81,3015
2020-10-14 09:28,162.815,162.905,162.815,162.87,3646
2020-10-14 09:29,162.885,162.9599,162.885,162.9599,979
2020-10-14 09:30,162.9305,162.97,162.93,162.93,1977
2020-10-14 09:31,162.94,163.09,162.94,163.07,3108
2020-10-14 09:32,163.06,163.06,162.95,162.95,1596
2020-10-14 09:33,162.97,163.01,162.97,163.01,2269
2020-10-14 09:34,163,163.1,162.9928,163.1,3494
2020-10-14 09:35,163.03,163.17,163.03,163.15,1401
2020-10-14 09:36,163.16,163.18,163,163.03,5902
2020-10-14 09:37,163.01,163.0474,162.96,162.96,2145
2020-10-14 09:38,162.9,162.9,162.79,162.79,1765
2020-10-14 09:39,162.78,162.79,162.71,162.735,5233
2020-10-14 09:40,162.77,162.9181,162.75,162.9181,3901
2020-10-14 09:41,162.84,162.855,162.835,162.835,1462
2020-10-14 09:42,162.84,163.012,162.84,162.9401,3000
2020-10-14 09:43,162.97,162.97,162.93,162.93,768
2020-10-14 09:44,162.945,162.98,162.92,162.92,1916
2020-10-14 09:45,162.92,162.94,162.82,162.88,16335
2020-10-14 09:46,162.9,163.1599,162.9,163.11,44661
2020-10-14 09:47,163.085,163.23,163.078,163.1902,36033
2020-10-14 09:48,163.19,163.2163,163.03,163.11,13631
2020-10-14 09:49,163.1402,163.22,163.1402,163.2038,5963
2020-10-14 09:50,163.2105,163.28,163.205,163.205,8697
2020-10-14 09:51,163.21,163.25,163.1876,163.25,6165
2020-10-14 09:52,163.255,163.31,163.19,163.262,7779
2020-10-14 09:53,163.2066,163.29,163.2066,163.29,4533
2020-10-14 09:54,163.27,163.31,163.25,163.31,7263
2020-10-14 09:55,163.32,163.58,163.32,163.53,8378
2020-10-14 09:56,163.46,163.49,163.36,163.3701,4927
2020-10-14 09:57,163.42,163.51,163.39,163.4,4018
2020-10-14 09:58,163.43,163.43,163.35,163.3821,3412
2020-10-14 09:59,163.39,163.4101,163.275,163.275,3091
2020-10-14 10:00,163.22,163.33,163.16,163.33,4903
2020-10-14 10:01,163.31,163.45,163.31,163.45,2006
2020-10-14 10:02,163.43,163.43,163.37,163.37,1934
2020-10-14 10:03,163.37,163.37,163.32,163.365,2881
2020-10-14 10:04,163.38,163.447,163.38,163.39,2772
2020-10-14 10:05,163.385,163.41,163.365,163.375,2475
2020-10-14 10:06,163.3874,163.4,163.3285,163.3728,2542
2020-10-14 10:07,163.37,163.4,163.34,163.4,3633
2020-10-14 10:08,163.425,163.425,163.425,163.425,904
2020-10-14 10:09,163.41,163.415,163.32,163.41,2587
2020-10-14 10:10,163.365,163.485,163.365,163.48,3337
2020-10-14 10:11,163.46,163.46,163.39,163.4127,2130
2020-10-14 10:12,163.425,163.52,163.425,163.52,2781
2020-10-14 10:13,163.53,163.56,163.5,163.515,2551
2020-10-14 10:14,163.49,163.56,163.484,163.56,3433
2020-10-14 10:15,163.52,163.52,163.465,163.475,895
2020-10-14 10:16,163.47,163.55,163.46,163.55,3182
2020-10-14 10:17,163.51,163.51,163.43,163.43,3432
2020-10-14 10:18,163.43,163.535,163.43,163.5197,1712
2020-10-14 10:19,163.51,163.51,163.43,163.455,2643
2020-10-14 10:20,163.49,163.55,163.44,163.44,1711
2020-10-14 10:21,163.42,163.45,163.42,163.445,2081
2020-10-14 10:22,163.4422,163.49,163.405,163.49,2948
2020-10-14 10:23,163.47,163.47,163.44,163.44,993
2020-10-14 10:24,163.425,163.49,163.42,163.48,4004
2020-10-14 10:25,163.445,163.47,163.435,163.465,2123
2020-10-14 10:26,163.47,163.5,163.46,163.5,1321
2020-10-14 10:27,163.46,163.51,163.44,163.45,2443
2020-10-14 10:28,163.45,163.49,163.31,163.31,4869
2020-10-14 10:29,163.32,163.33,163.24,163.2881,2266
2020-10-14 10:30,163.2885,163.42,163.2885,163.41,2150
2020-10-14 10:31,163.44,163.455,163.365,163.415,6669
2020-10-14 10:32,163.36,163.42,163.33,163.35,2866
2020-10-14 10:33,163.32,163.32,163.27,163.3,2042
2020-10-14 10:34,163.28,163.38,163.28,163.325,3345
2020-10-14 10:35,163.3,163.4,163.3,163.34,4363
2020-10-14 10:36,163.33,163.41,163.33,163.41,1424
2020-10-14 10:37,163.37,163.42,163.365,163.39,1555
2020-10-14 10:38,163.3967,163.43,163.36,163.43,1133
2020-10-14 10:39,163.4432,163.505,163.435,163.5,3733
2020-10-14 10:40,163.48,163.5799,163.435,163.5799,5211
2020-10-14 10:41,163.56,163.58,163.51,163.51,1630
2020-10-14 10:42,163.49,163.54,163.45,163.49,5599
2020-10-14 10:43,163.5144,163.59,163.5,163.59,1593
2020-10-14 10:44,163.595,163.63,163.595,163.63,2863
2020-10-14 10:45,163.67,163.7081,163.65,163.7,6778
2020-10-14 10:46,163.68,163.73,163.68,163.71,5291
2020-10-14 10:47,163.72,163.76,163.72,163.73,3246
2020-10-14 10:48,163.76,163.76,163.75,163.75,425
2020-10-14 10:49,163.7367,163.77,163.71,163.77,2293
2020-10-14 10:50,163.7732,163.84,163.7732,163.84,2469
2020-10-14 10:51,163.825,163.83,163.8,163.815,2050
2020-10-14 10:52,163.81,163.82,163.79,163.81,3140
2020-10-14 10:53,163.8,163.8,163.74,163.76,3182
2020-10-14 10:54,163.74,163.8799,163.74,163.86,3839
2020-10-14 10:55,163.9,164.09,163.88,163.94,17862
2020-10-14 10:56,163.95,163.97,163.89,163.9494,5248
2020-10-14 10:57,163.945,164.01,163.9234,163.98,3242
2020-10-14 10:58,163.9836,164.1063,163.98,164.1063,3891
2020-10-14 10:59,164.13,164.13,164.0096,164.083,4208
2020-10-14 11:00,164.034,164.05,164.02,164.04,2959
2020-10-14 11:01,164.12,164.12,164.02,164.02,1809
2020-10-14 11:02,164.04,164.08,164.04,164.08,1306
2020-10-14 11:03,164.06,164.06,164.01,164.01,1538
2020-10-14 11:04,163.96,164.0405,163.96,164.02,1539
2020-10-14 11:05,164.0284,164.05,164.0284,164.04,1832
2020-10-14 11:06,164.01,164.13,164.01,164.08,1907
2020-10-14 11:07,164.05,164.075,164.03,164.05,2580
2020-10-14 11:08,164.08,164.1,164.05,164.05,1781
2020-10-14 11:09,164.09,164.14,164.09,164.14,1048
2020-10-14 11:10,164.12,164.17,164.11,164.135,1831
2020-10-14 11:11,164.16,164.16,164.1086,164.1175,2659
2020-10-14 11:12,164.13,164.18,164.08,164.18,2370
2020-10-14 11:13,164.165,164.27,164.165,164.19,5011
2020-10-14 11:14,164.16,164.16,164.09,164.09,1505
2020-10-14 11:15,164.0945,164.0945,164.07,164.09,1699
2020-10-14 11:16,164.02,164.09,164.02,164.08,2306
2020-10-14 11:17,164.07,164.19,164.03,164.18,12924
2020-10-14 11:18,164.12,164.18,164.12,164.14,1406
2020-10-14 11:19,164.115,164.115,164.11,164.11,897
2020-10-14 11:20,164.06,164.13,164.06,164.105,2419
2020-10-14 11:21,164.15,164.18,164.14,164.165,2345
2020-10-14 11:22,164.13,164.13,164.07,164.0893,5471
2020-10-14 11:23,164.06,164.1,164.03,164.035,3644
2020-10-14 11:24,164.04,164.1,164.04,164.1,1394
2020-10-14 11:25,164.07,164.1019,164,164.04,5951
2020-10-14 11:26,164.02,164.02,163.86,163.86,6809
2020-10-14 11:27,163.9,163.9,163.7607,163.795,2482
2020-10-14 11:28,163.8,163.8,163.7,163.73,4171
2020-10-14 11:29,163.74,163.81,163.74,163.81,1423
2020-10-14 11:30,163.76,163.951,163.76,163.951,3565
2020-10-14 11:31,163.94,163.94,163.89,163.895,1534
2020-10-14 11:32,163.94,163.94,163.831,163.86,4325
2020-10-14 11:33,163.83,163.83,163.81,163.81,1403
2020-10-14 11:34,163.76,163.78,163.67,163.69,3332
2020-10-14 11:35,163.72,163.765,163.68,163.7299,3928
2020-10-14 11:36,163.77,163.78,163.725,163.78,1649
2020-10-14 11:37,163.77,163.77,163.65,163.65,2863
2020-10-14 11:38,163.63,163.65,163.5789,163.64,3367
2020-10-14 11:39,163.62,163.68,163.57,163.68,1860
2020-10-14 11:40,163.707,163.73,163.675,163.7,3396
2020-10-14 11:41,163.7,163.85,163.68,163.84,8827
2020-10-14 11:42,163.83,163.83,163.79,163.8083,1555
2020-10-14 11:43,163.775,163.84,163.775,163.8,1452
2020-10-14 11:44,163.7956,163.8175,163.785,163.8175,1501
2020-10-14 11:45,163.805,163.805,163.71,163.75,4409
2020-10-14 11:46,163.695,163.83,163.695,163.83,1704
2020-10-14 11:47,163.8174,163.84,163.735,163.775,4037
2020-10-14 11:48,163.8,163.8568,163.8,163.8568,2194
2020-10-14 11:49,163.88,163.91,163.8656,163.87,1937
2020-10-14 11:50,163.87,163.98,163.84,163.92,3287
2020-10-14 11:51,163.89,163.95,163.89,163.905,1774
2020-10-14 11:52,163.94,164.02,163.9364,163.98,2927
2020-10-14 11:53,163.975,163.99,163.92,163.96,2984
2020-10-14 11:54,163.98,164.03,163.96,163.98,4010
2020-10-14 11:55,163.985,164.04,163.985,164.04,1439
2020-10-14 11:56,164.04,164.13,164.0128,164.13,2153
2020-10-14 11:57,164.09,164.1396,164.09,164.11,2195
2020-10-14 11:58,164.09,164.2,164.09,164.1763,3202
2020-10-14 11:59,164.16,164.175,164.07,164.12,4061
2020-10-14 12:00,164.08,164.14,164.08,164.095,4069
2020-10-14 12:01,164.1192,164.1274,163.98,163.98,3816
2020-10-14 12:02,164.01,164.14,163.9832,164.14,4156
2020-10-14 12:03,164.13,164.2765,164.13,164.2765,1912
2020-10-14 12:04,164.27,164.275,164.11,164.11,10997
2020-10-14 12:05,164.11,164.13,164.08,164.1039,9157
2020-10-14 12:06,164.11,164.11,163.99,164,6136
2020-10-14 12:07,163.9883,163.9883,163.91,163.925,1362
2020-10-14 12:08,163.94,164.15,163.94,164.08,10168
2020-10-14 12:09,164.07,164.07,163.99,164.02,4919
2020-10-14 12:10,164.05,164.09,164.0375,164.07,4779
2020-10-14 12:11,164.08,164.17,164.08,164.15,3259
2020-10-14 12:12,164.19,164.2,164.1,164.14,3234
2020-10-14 12:13,164.14,164.15,164.12,164.13,3515
2020-10-14 12:14,164.14,164.18,164.13,164.18,3113
2020-10-14 12:15,164.18,164.18,164.14,164.15,2017
2020-10-14 12:16,164.15,164.19,164.13,164.14,2867
2020-10-14 12:17,164.12,164.1465,164.07,164.08,4055
2020-10-14 12:18,164.09,164.12,164.08,164.12,2212
2020-10-14 12:19,164.12,164.13,164.11,164.115,2000
2020-10-14 12:20,164.1,164.18,164.09,164.15,3953
2020-10-14 12:21,164.155,164.155,164.0966,164.12,2672
2020-10-14 12:22,164.13,164.135,164.1,164.135,2221
2020-10-14 12:23,164.12,164.12,164.06,164.06,2952
2020-10-14 12:24,164.07,164.085,164.01,164.04,2491
2020-10-14 12:25,164.04,164.055,163.96,163.96,4542
2020-10-14 12:26,163.99,164.035,163.99,164.02,2130
2020-10-14 12:27,164.02,164.05,164,164.05,2601
2020-10-14 12:28,164.02,164.03,163.99,164.01,1943
2020-10-14 12:29,164.01,164.01,163.93,163.98,3352
2020-10-14 12:30,163.95,164.02,163.94,164,4604
2020-10-14 12:31,164.02,164.11,164.02,164.11,8118
2020-10-14 12:32,164.11,164.31,164.11,164.2785,8136
2020-10-14 12:33,164.28,164.28,164.085,164.11,5656
2020-10-14 12:34,164.115,164.26,164.115,164.24,5623
2020-10-14 12:35,164.24,164.26,164.19,164.21,4462
2020-10-14 12:36,164.17,164.25,164.11,164.15,8042
2020-10-14 12:37,164.17,164.17,164.12,164.12,3084
2020-10-14 12:38,164.11,164.12,163.99,164.06,6342
2020-10-14 12:39,164.07,164.0785,163.95,163.955,3150
2020-10-14 12:40,163.98,164.1,163.98,164.07,8992
2020-10-14 12:41,164.06,164.06,164.01,164.01,6796
2020-10-14 12:42,164,164,163.875,163.8875,9538
2020-10-14 12:43,163.885,163.96,163.8761,163.925,10101
2020-10-14 12:44,163.935,164.01,163.935,163.9975,7539
2020-10-14 12:45,164,164.02,163.96,164,7206
2020-10-14 12:46,163.99,163.99,163.8401,163.89,4350
2020-10-14 12:47,163.885,163.89,163.84,163.89,7395
2020-10-14 12:48,163.91,163.98,163.9001,163.93,6335
2020-10-14 12:49,163.93,163.93,163.85,163.8976,12133
2020-10-14 12:50,163.81,163.99,163.79,163.98,19137
2020-10-14 12:51,163.98,163.98,163.83,163.86,10245
2020-10-14 12:52,163.85,163.94,163.84,163.92,9697
2020-10-14 12:53,163.94,164.02,163.94,164.0199,7535
2020-10-14 12:54,164.02,164.07,163.94,164.06,25520
2020-10-14 12:55,164.06,164.1,163.92,164.085,29244
2020-10-14 12:56,164.08,164.12,163.96,163.97,16096
2020-10-14 12:57,163.98,164.1,163.94,164.08,16533
2020-10-14 12:58,164.0799,164.1299,163.99,164.05,16574
2020-10-14 12:59,164.04,164.05,163.94,163.97,49988
2020-10-15 06:30,161.84,161.94,161.12,161.66,117036
2020-10-15 06:31,161.71,162.49,161.71,162.25,21013
2020-10-15 06:32,162.285,163.01,162.285,162.91,7210
2020-10-15 06:33,163.022,163.03,162.78,162.9378,5877
2020-10-15 06:34,162.93,162.93,162.69,162.69,2186
2020-10-15 06:35,162.7042,162.7042,162.26,162.29,5505
2020-10-15 06:36,162.4,162.47,162.285,162.405,6057
2020-10-15 06:37,162.44,162.45,162.26,162.31,2869
2020-10-15 06:38,162.37,162.47,162.34,162.42,4051
2020-10-15 06:39,162.49,162.595,162.38,162.3824,6270
2020-10-15 06:40,162.29,162.39,162.15,162.32,1752
2020-10-15 06:41,162.2665,162.405,162.2665,162.2941,4158
2020-10-15 06:42,162.27,162.6,162.25,162.575,7390
2020-10-15 06:43,162.54,162.635,162.38,162.635,7698
2020-10-15 06:44,162.69,162.83,162.69,162.83,997
2020-10-15 06:45,162.76,162.95,162.76,162.925,3912
2020-10-15 06:46,162.955,163.03,162.95,162.95,4754
2020-10-15 06:47,162.9621,163.1656,162.955,163.055,4643
2020-10-15 06:48,163.035,163.12,162.94,163.12,7772
2020-10-15 06:49,163.18,163.35,163.18,163.335,6157
2020-10-15 06:50,163.34,163.39,163.26,163.26,5346
2020-10-15 06:51,163.2601,163.6835,163.2601,163.61,5535
2020-10-15 06:52,163.595,163.595,163.515,163.54,4561
2020-10-15 06:53,163.51,163.669,163.5,163.625,3878
2020-10-15 06:54,163.6096,163.6096,163.55,163.55,898
2020-10-15 06:55,163.545,163.55,163.49,163.55,1950
2020-10-15 06:56,163.595,163.62,163.57,163.57,1778
2020-10-15 06:57,163.56,163.585,163.46,163.46,4832
2020-10-15 06:58,163.49,163.6279,163.4668,163.5564,3937
2020-10-15 06:59,163.62,163.7101,163.54,163.7101,4676
2020-10-15 07:00,163.72,163.805,163.55,163.55,4804
2020-10-15 07:01,163.58,163.6203,163.54,163.595,4575
2020-10-15 07:02,163.62,163.68,163.62,163.64,2243
2020-10-15 07:03,163.665,163.67,163.56,163.58,2152
2020-10-15 07:04,163.5667,163.63,163.565,163.58,2912
2020-10-15 07:05,163.64,163.81,163.64,163.75,3121
2020-10-15 07:06,163.66,163.7579,163.6,163.7,4613
2020-10-15 07:07,163.78,163.87,163.6213,163.645,6628
2020-10-15 07:08,163.64,163.82,163.62,163.75,4605
2020-10-15 07:09,163.7901,163.8012,163.71,163.71,2811
2020-10-15 07:10,163.7001,163.77,163.66,163.69,2165
2020-10-15 07:11,163.65,163.65,163.495,163.495,2726
2020-10-15 07:12,163.44,163.47,163.3601,163.4,6340
2020-10-15 07:13,163.4336,163.49,163.42,163.49,5349
2020-10-15 07:14,163.52,163.69,163.52,163.56,4408
2020-10-15 07:15,163.54,163.625,163.51,163.625,2862
2020-10-15 07:16,163.64,163.92,163.6019,163.87,2813
2020-10-15 07:17,163.83,163.94,163.83,163.9377,2589
2020-10-15 07:18,163.935,163.935,163.8,163.83,4357
2020-10-15 07:19,163.8366,163.8366,163.75,163.75,1963
2020-10-15 07:20,163.7,163.73,163.655,163.655,2608
2020-10-15 07:21,163.56,163.57,163.48,163.54,5479
2020-10-15 07:22,163.51,163.56,163.51,163.53,2070
2020-10-15 07:23,163.5216,163.615,163.49,163.615,2587
2020-10-15 07:24,163.615,163.639,163.54,163.55,3202
2020-10-15 07:25,163.55,163.55,163.49,163.49,1367
2020-10-15 07:26,163.4,163.4,163.25,163.37,4605
2020-10-15 07:27,163.35,163.35,163.21,163.21,1503
2020-10-15 07:28,163.135,163.31,163.135,163.31,4742
2020-10-15 07:29,163.25,163.31,163.1724,163.205,1593
2020-10-15 07:30,163.25,163.3061,163.25,163.3,2172
2020-10-15 07:31,163.29,163.375,163.29,163.34,3161
2020-10-15 07:32,163.34,163.415,163.275,163.275,2863
2020-10-15 07:33,163.23,163.25,163.19,163.19,1498
2020-10-15 07:34,163.19,163.365,163.19,163.31,5258
2020-10-15 07:35,163.29,163.3,163.16,163.165,3499
2020-10-15 07:36,163.135,163.155,163.135,163.15,1207
2020-10-15 07:37,163.17,163.205,163.05,163.05,4776
2020-10-15 07:38,163.04,163.09,162.9206,162.98,7424
2020-10-15 07:39,162.995,163.0199,162.91,162.91,4156
2020-10-15 07:40,162.92,163.12,162.91,163.1,4696
2020-10-15 07:41,163.07,163.1,163.07,163.1,1321
2020-10-15 07:42,163.16,163.17,163.06,163.07,3711
2020-10-15 07:43,163.07,163.08,162.93,162.99,6987
2020-10-15 07:44,163,163.15,163,163.11,6797
2020-10-15 07:45,163.03,163.212,163.025,163.17,7732
2020-10-15 07:46,163.161,163.33,163.161,163.3,5879
2020-10-15 07:47,163.225,163.33,163.225,163.32,3444
2020-10-15 07:48,163.285,163.32,163.25,163.3,2055
2020-10-15 07:49,163.295,163.3,163.2,163.22,6575
2020-10-15 07:50,163.23,163.34,163.22,163.3,3174
2020-10-15 07:51,163.2341,163.33,163.2341,163.33,1245
2020-10-15 07:52,163.3003,163.34,163.3,163.3,4859
2020-10-15 07:53,163.23,163.23,163.09,163.1,4612
2020-10-15 07:54,163.12,163.16,163.1,163.16,5967
2020-10-15 07:55,163.15,163.19,163.15,163.185,1165
2020-10-15 07:56,163.17,163.24,163.15,163.24,4295
2020-10-15 07:57,163.255,163.33,163.2401,163.26,2826
2020-10-15 07:58,163.29,163.64,163.29,163.565,12816
2020-10-15 07:59,163.59,163.66,163.565,163.615,5078
2020-10-15 08:00,163.62,163.62,163.53,163.54,4696
2020-10-15 08:01,163.5196,163.565,163.51,163.565,4282
2020-10-15 08:02,163.55,163.55,163.48,163.5,3747
2020-10-15 08:03,163.49,163.49,163.27,163.38,4936
2020-10-15 08:04,163.4508,163.4508,163.41,163.44,2443
2020-10-15 08:05,163.41,163.41,163.35,163.35,1703
2020-10-15 08:06,163.33,163.4497,163.305,163.395,3720
2020-10-15 08:07,163.46,163.55,163.44,163.527,4075
2020-10-15 08:08,163.55,163.76,163.55,163.73,3895
2020-10-15 08:09,163.71,163.78,163.71,163.75,2785
2020-10-15 08:10,163.7,163.77,163.7,163.77,1475
2020-10-15 08:11,163.73,163.8072,163.73,163.79,1784
2020-10-15 08:12,163.77,163.825,163.74,163.825,2930
2020-10-15 08:13,163.82,163.86,163.775,163.775,3067
2020-10-15 08:14,163.745,163.745,163.68,163.7,2496
2020-10-15 08:15,163.69,163.75,163.68,163.7,2373
2020-10-15 08:16,163.67,163.67,163.53,163.55,4089
2020-10-15 08:17,163.56,163.67,163.56,163.65,2196
2020-10-15 08:18,163.69,163.94,163.68,163.94,7816
2020-10-15 08:19,163.91,164,163.89,163.95,5817
2020-10-15 08:20,163.9,163.92,163.82,163.82,1797
2020-10-15 08:21,163.79,163.86,163.79,163.83,3935
2020-10-15 08:22,163.84,163.9,163.81,163.9,1412
2020-10-15 08:23,163.85,163.97,163.85,163.94,7294
2020-10-15 08:24,163.935,163.99,163.9,163.915,4100
2020-10-15 08:25,163.95,163.95,163.84,163.94,2902
2020-10-15 08:26,163.91,164.01,163.9001,163.995,2706
2020-10-15 08:27,164.03,164.05,163.975,163.98,4715
2020-10-15 08:28,163.98,163.98,163.83,163.83,3166
2020-10-15 08:29,163.82,163.895,163.82,163.89,5328
2020-10-15 08:30,163.93,163.95,163.9,163.908,3811
2020-10-15 08:31,163.925,163.93,163.8,163.88,4509
2020-10-15 08:32,163.82,163.86,163.81,163.85,5623
2020-10-15 08:33,163.85,163.9502,163.85,163.9,2758
2020-10-15 08:34,163.9,163.9,163.86,163.89,1278
2020-10-15 08:35,163.91,163.91,163.86,163.88,1346
2020-10-15 08:36,163.87,163.9612,163.87,163.9612,3134
2020-10-15 08:37,163.97,163.99,163.89,163.89,2408
2020-10-15 08:38,163.9,163.91,163.85,163.88,2028
2020-10-15 08:39,163.93,163.97,163.91,163.9687,1714
2020-10-15 08:40,164.02,164.16,164.01,164.15,3405
2020-10-15 08:41,164.17,164.23,164.14,164.165,5322
2020-10-15 08:42,164.18,164.21,164.18,164.21,1076
2020-10-15 08:43,164.2,164.21,164.16,164.18,2149
2020-10-15 08:44,164.16,164.16,164.085,164.12,2296
2020-10-15 08:45,164.15,164.2199,164.13,164.13,2962
2020-10-15 08:46,164.08,164.0899,164,164.04,2132
2020-10-15 08:47,164.04,164.16,164.04,164.14,2399
2020-10-15 08:48,164.13,164.14,164.1,164.1,1409
2020-10-15 08:49,164.09,164.09,164.01,164.05,1438
2020-10-15 08:50,164.1,164.18,164.08,164.18,5048
2020-10-15 08:51,164.18,164.2,163.97,164.11,6632
2020-10-15 08:52,164.2,164.41,164.2,164.3375,5855
2020-10-15 08:53,164.35,164.38,164.33,164.38,2708
2020-10-15 08:54,164.36,164.39,164.29,164.39,1840
2020-10-15 08:55,164.365,164.4519,164.365,164.39,1945
2020-10-15 08:56,164.295,164.295,164.18,164.22,2053
2020-10-15 08:57,164.24,164.24,164.21,164.21,813
2020-10-15 08:58,164.19,164.23,164.06,164.06,1308
2020-10-15 08:59,164.03,164.15,164.03,164.08,1581
2020-10-15 09:00,164.04,164.0581,163.935,164.0581,3559
2020-10-15 09:01,164.02,164.04,164.01,164.04,2001
2020-10-15 09:02,163.965,163.99,163.8457,163.905,846
2020-10-15 09:03,163.93,163.97,163.93,163.97,1880
2020-10-15 09:04,163.94,164.02,163.88,164.01,4375
2020-10-15 09:05,163.99,164.06,163.99,164.04,2644
2020-10-15 09:06,164.065,164.065,164,164,1679
2020-10-15 09:07,163.97,163.9722,163.93,163.93,1804
2020-10-15 09:08,163.94,163.95,163.8956,163.8956,3033
2020-10-15 09:09,163.89,163.93,163.88,163.88,716
2020-10-15 09:10,163.8604,163.91,163.81,163.81,2928
2020-10-15 09:11,163.805,163.9,163.805,163.9,2521
2020-10-15 09:12,163.85,163.85,163.81,163.835,878
2020-10-15 09:13,163.825,163.83,163.8,163.83,1468
2020-10-15 09:14,163.81,163.9,163.79,163.89,3303
2020-10-15 09:15,163.89,163.89,163.78,163.85,1628
2020-10-15 09:16,163.851,163.851,163.7,163.7,2760
2020-10-15 09:17,163.74,163.86,163.73,163.85,3380
2020-10-15 09:18,163.88,163.88,163.82,163.86,1379
2020-10-15 09:19,163.89,163.93,163.88,163.93,1894
2020-10-15 09:20,163.93,163.94,163.89,163.89,817
2020-10-15 09:21,163.84,163.91,163.84,163.91,1931
2020-10-15 09:22,163.94,163.97,163.91,163.91,1215
2020-10-15 09:23,163.881,163.92,163.8184,163.89,3410
2020-10-15 09:24,163.91,163.97,163.88,163.92,2839
2020-10-15 09:25,163.95,164.06,163.95,164.02,888
2020-10-15 09:26,164,164.05,164,164.025,1807
2020-10-15 09:27,164,164,163.92,163.92,1419
2020-10-15 09:28,163.89,163.89,163.85,163.85,844
2020-10-15 09:29,163.8487,163.8598,163.82,163.82,1478
2020-10-15 09:30,163.82,163.91,163.82,163.91,2752
2020-10-15 09:31,163.9125,163.9125,163.857,163.857,600
2020-10-15 09:32,163.86,163.86,163.751,163.751,1519
2020-10-15 09:33,163.775,163.82,163.696,163.77,2290
2020-10-15 09:34,163.75,163.8,163.75,163.78,1219
2020-10-15 09:35,163.8,163.85,163.8,163.85,1293
2020-10-15 09:36,163.84,163.84,163.78,163.78,1954
2020-10-15 09:37,163.76,163.78,163.75,163.76,2885
2020-10-15 09:38,163.75,163.84,163.75,163.84,2124
2020-10-15 09:39,163.87,163.93,163.84,163.93,1665
2020-10-15 09:40,163.87,163.9,163.85,163.9,1740
2020-10-15 09:41,163.92,163.94,163.87,163.94,2330
2020-10-15 09:42,163.92,163.975,163.92,163.975,2015
2020-10-15 09:43,163.93,163.95,163.91,163.92,1208
2020-10-15 09:44,163.85,163.87,163.7652,163.7652,1906
2020-10-15 09:45,163.765,163.765,163.62,163.62,3918
2020-10-15 09:46,163.68,163.78,163.68,163.78,1992
2020-10-15 09:47,163.81,163.98,163.81,163.97,3556
2020-10-15 09:48,163.93,163.96,163.91,163.925,1540
2020-10-15 09:49,163.94,163.99,163.94,163.97,1996
2020-10-15 09:50,163.977,164,163.93,163.98,1523
2020-10-15 09:51,163.94,163.97,163.94,163.97,272
2020-10-15 09:52,164,164.25,164,164.225,4751
2020-10-15 09:53,164.19,164.23,164.15,164.23,2761
2020-10-15 09:54,164.18,164.265,164.18,164.26,1902
2020-10-15 09:55,164.21,164.28,164.1901,164.24,2839
2020-10-15 09:56,164.27,164.31,164.27,164.31,1221
2020-10-15 09:57,164.28,164.28,164.235,164.235,2251
2020-10-15 09:58,164.24,164.35,164.24,164.295,2176
2020-10-15 09:59,164.35,164.39,164.35,164.39,1432
2020-10-15 10:00,164.3,164.39,164.3,164.39,1852
2020-10-15 10:01,164.37,164.4,164.335,164.4,1117
2020-10-15 10:02,164.37,164.4164,164.37,164.41,7223
2020-10-15 10:03,164.39,164.39,164.26,164.31,2696
2020-10-15 10:04,164.3,164.39,164.29,164.32,3512
2020-10-15 10:05,164.37,164.38,164.355,164.355,1571
2020-10-15 10:06,164.38,164.39,164.35,164.36,1887
2020-10-15 10:07,164.35,164.365,164.33,164.36,1631
2020-10-15 10:08,164.33,164.3632,164.33,164.345,1933
2020-10-15 10:09,164.35,164.43,164.35,164.4218,5039
2020-10-15 10:10,164.4,164.46,164.4,164.45,2045
2020-10-15 10:11,164.45,164.45,164.39,164.45,2330
2020-10-15 10:12,164.43,164.48,164.43,164.46,2233
2020-10-15 10:13,164.47,164.47,164.44,164.45,1440
2020-10-15 10:14,164.44,164.5,164.43,164.48,3351
2020-10-15 10:15,164.47,164.51,164.46,164.5,2854
2020-10-15 10:16,164.5,164.695,164.49,164.66,16515
2020-10-15 10:17,164.705,164.705,164.57,164.575,9356
2020-10-15 10:18,164.57,164.67,164.55,164.66,13187
2020-10-15 10:19,164.72,164.74,164.66,164.68,7563
2020-10-15 10:20,164.65,164.76,164.65,164.74,6702
2020-10-15 10:21,164.73,164.73,164.64,164.7114,3968
2020-10-15 10:22,164.72,164.73,164.66,164.705,2844
2020-10-15 10:23,164.705,164.73,164.68,164.725,1926
2020-10-15 10:24,164.71,164.73,164.64,164.64,3292
2020-10-15 10:25,164.5849,164.61,164.53,164.61,3466
2020-10-15 10:26,164.64,164.66,164.61,164.61,2593
2020-10-15 10:27,164.63,164.72,164.61,164.61,4852
2020-10-15 10:28,164.63,164.67,164.59,164.67,2628
2020-10-15 10:29,164.68,164.72,164.65,164.65,5017
2020-10-15 10:30,164.58,164.59,164.54,164.54,923
2020-10-15 10:31,164.56,164.61,164.56,164.56,2042
2020-10-15 10:32,164.53,164.605,164.53,164.57,1672
2020-10-15 10:33,164.59,164.6,164.5659,164.5659,1540
2020-10-15 10:34,164.587,164.7,164.57,164.65,7305
2020-10-15 10:35,164.685,164.73,164.66,164.71,2692
2020-10-15 10:36,164.73,164.8,164.675,164.675,2990
2020-10-15 10:37,164.6938,164.74,164.69,164.69,2719
2020-10-15 10:38,164.72,164.7225,164.7,164.72,1343
2020-10-15 10:39,164.71,164.77,164.66,164.77,3416
2020-10-15 10:40,164.755,164.8,164.75,164.8,3447
2020-10-15 10:41,164.81,164.87,164.8,164.84,3745
2020-10-15 10:42,164.825,164.852,164.78,164.79,2281
2020-10-15 10:43,164.8,164.865,164.8,164.8,2495
2020-10-15 10:44,164.79,165,164.79,164.95,10332
2020-10-15 10:45,164.93,164.9392,164.87,164.87,2302
2020-10-15 10:46,164.86,164.875,164.81,164.81,3207
2020-10-15 10:47,164.78,164.78,164.73,164.75,2872
2020-10-15 10:48,164.76,164.83,164.76,164.79,2461
2020-10-15 10:49,164.77,164.77,164.74,164.74,1374
2020-10-15 10:50,164.74,164.75,164.7,164.73,1615
2020-10-15 10:51,164.75,164.83,164.75,164.78,3214
2020-10-15 10:52,164.768,164.79,164.755,164.7668,2027
2020-10-15 10:53,164.74,164.79,164.74,164.79,1245
2020-10-15 10:54,164.77,164.79,164.65,164.69,4159
2020-10-15 10:55,164.64,164.71,164.62,164.62,1896
2020-10-15 10:56,164.61,164.655,164.61,164.655,2358
2020-10-15 10:57,164.65,164.655,164.63,164.64,1120
2020-10-15 10:58,164.64,164.64,164.64,164.64,729
2020-10-15 10:59,164.62,164.74,164.62,164.715,2816
2020-10-15 11:00,164.72,164.81,164.72,164.77,1751
2020-10-15 11:01,164.78,164.78,164.75,164.75,1429
2020-10-15 11:02,164.77,164.78,164.76,164.76,1604
2020-10-15 11:03,164.79,164.81,164.77,164.81,2307
2020-10-15 11:04,164.8791,164.9,164.85,164.85,4315
2020-10-15 11:05,164.88,164.9,164.86,164.87,2977
2020-10-15 11:06,164.88,164.92,164.88,164.92,669
2020-10-15 11:07,164.89,165.0386,164.89,165.0386,8321
2020-10-15 11:08,165.02,165.02,164.93,164.98,4127
2020-10-15 11:09,165,165.0099,164.97,164.98,1484
2020-10-15 11:10,164.91,164.91,164.835,164.835,1545
2020-10-15 11:11,164.76,164.77,164.7001,164.74,2997
2020-10-15 11:12,164.77,164.84,164.77,164.82,2733
2020-10-15 11:13,164.74,164.8,164.72,164.8,1949
2020-10-15 11:14,164.81,164.84,164.78,164.821,962
2020-10-15 11:15,164.82,164.91,164.82,164.9,2943
2020-10-15 11:16,164.93,164.94,164.83,164.9,6655
2020-10-15 11:17,164.94,164.9566,164.92,164.95,2634
2020-10-15 11:18,164.92,164.93,164.895,164.93,2007
2020-10-15 11:19,164.93,164.9317,164.9171,164.92,1740
2020-10-15 11:20,164.93,165.0099,164.93,164.9799,5025
2020-10-15 11:21,164.94,164.94,164.88,164.8962,2493
2020-10-15 11:22,164.9,164.9,164.7901,164.84,2614
2020-10-15 11:23,164.85,164.915,164.845,164.845,2395
2020-10-15 11:24,164.85,164.85,164.8,164.83,2068
2020-10-15 11:25,164.82,164.885,164.82,164.85,4400
2020-10-15 11:26,164.8524,164.86,164.84,164.86,1202
2020-10-15 11:27,164.83,164.85,164.8,164.85,1299
2020-10-15 11:28,164.83,164.92,164.83,164.86,3335
2020-10-15 11:29,164.82,164.86,164.82,164.83,2277
2020-10-15 11:30,164.83,164.83,164.7501,164.7658,2654
2020-10-15 11:31,164.8,164.85,164.8,164.85,1910
2020-10-15 11:32,164.84,164.84,164.79,164.79,2074
2020-10-15 11:33,164.7785,164.79,164.75,164.79,1490
2020-10-15 11:34,164.8,164.865,164.8,164.85,3162
2020-10-15 11:35,164.83,164.83,164.74,164.74,2050
2020-10-15 11:36,164.74,164.77,164.71,164.71,1190
2020-10-15 11:37,164.72,164.73,164.7109,164.7109,1775
2020-10-15 11:38,164.74,164.78,164.74,164.76,1948
2020-10-15 11:39,164.8,164.8,164.76,164.76,1555
2020-10-15 11:40,164.78,164.79,164.76,164.76,1553
2020-10-15 11:41,164.79,164.84,164.79,164.8094,1997
2020-10-15 11:42,164.8,164.815,164.8,164.815,898
2020-10-15 11:43,164.81,164.82,164.67,164.7417,4609
2020-10-15 11:44,164.72,164.735,164.66,164.66,1438
2020-10-15 11:45,164.675,164.7,164.65,164.67,2539
2020-10-15 11:46,164.6,164.6,164.54,164.56,2301
2020-10-15 11:47,164.55,164.56,164.5,164.56,2480
2020-10-15 11:48,164.53,164.59,164.53,164.59,1938
2020-10-15 11:49,164.59,164.61,164.58,164.61,1132
2020-10-15 11:50,164.62,164.69,164.62,164.69,2778
2020-10-15 11:51,164.7,164.74,164.66,164.66,1415
2020-10-15 11:52,164.645,164.78,164.6201,164.739,4219
2020-10-15 11:53,164.75,164.75,164.7,164.7,1655
2020-10-15 11:54,164.7,164.71,164.681,164.7,1791
2020-10-15 11:55,164.7,164.73,164.66,164.73,4366
2020-10-15 11:56,164.735,164.8,164.735,164.78,3404
2020-10-15 11:57,164.76,164.7725,164.72,164.72,1768
2020-10-15 11:58,164.73,164.73,164.665,164.705,2755
2020-10-15 11:59,164.705,164.78,164.705,164.78,2718
2020-10-15 12:00,164.75,164.75,164.735,164.75,1667
2020-10-15 12:01,164.72,164.76,164.7,164.728,2546
2020-10-15 12:02,164.76,164.82,164.75,164.77,3147
2020-10-15 12:03,164.79,164.84,164.79,164.84,1956
2020-10-15 12:04,164.83,164.84,164.785,164.785,1859
2020-10-15 12:05,164.8,164.81,164.77,164.795,1694
2020-10-15 12:06,164.81,164.86,164.81,164.84,3026
2020-10-15 12:07,164.83,164.84,164.81,164.84,2058
2020-10-15 12:08,164.83,164.85,164.83,164.85,1284
2020-10-15 12:09,164.85,164.88,164.83,164.84,3269
2020-10-15 12:10,164.86,164.9,164.73,164.73,4453
2020-10-15 12:11,164.75,164.84,164.75,164.84,2437
2020-10-15 12:12,164.84,164.84,164.82,164.84,1434
2020-10-15 12:13,164.81,164.81,164.67,164.69,4442
2020-10-15 12:14,164.71,164.78,164.71,164.78,3260
2020-10-15 12:15,164.77,164.87,164.77,164.87,3281
2020-10-15 12:16,164.87,164.91,164.86,164.91,1228
2020-10-15 12:17,164.91,164.95,164.905,164.95,3177
2020-10-15 12:18,164.95,164.95,164.8889,164.925,2972
2020-10-15 12:19,164.93,164.96,164.9,164.95,2886
2020-10-15 12:20,164.94,164.99,164.93,164.95,4179
2020-10-15 12:21,164.93,164.97,164.91,164.93,2110
2020-10-15 12:22,164.955,164.99,164.955,164.96,1422
2020-10-15 12:23,164.96,165.05,164.905,165.025,6117
2020-10-15 12:24,165.02,165.06,165.02,165.03,2411
2020-10-15 12:25,165.03,165.09,165.03,165.09,3047
2020-10-15 12:26,165.11,165.16,165.1,165.16,8367
2020-10-15 12:27,165.1999,165.24,165.16,165.16,15678
2020-10-15 12:28,165.15,165.243,165.15,165.24,2277
2020-10-15 12:29,165.2239,165.24,165.17,165.17,2112
2020-10-15 12:30,165.175,165.2384,165.13,165.23,7279
2020-10-15 12:31,165.2,165.24,165.18,165.24,5283
2020-10-15 12:32,165.25,165.365,165.24,165.355,10727
2020-10-15 12:33,165.34,165.46,165.34,165.41,10662
2020-10-15 12:34,165.4,165.411,165.32,165.32,4959
2020-10-15 12:35,165.32,165.33,165.18,165.2,4208
2020-10-15 12:36,165.18,165.27,165.18,165.205,6248
2020-10-15 12:37,165.21,165.21,165.12,165.12,4085
2020-10-15 12:38,165.093,165.105,165.02,165.03,6672
2020-10-15 12:39,165.01,165.08,165,165.08,4187
2020-10-15 12:40,165.1,165.21,165.1,165.14,6049
2020-10-15 12:41,165.19,165.27,165.19,165.2225,4650
2020-10-15 12:42,165.23,165.23,165.175,165.215,3552
2020-10-15 12:43,165.22,165.265,165.22,165.24,5478
2020-10-15 12:44,165.23,165.24,165.16,165.165,6441
2020-10-15 12:45,165.13,165.15,165.03,165.085,8878
2020-10-15 12:46,165.04,165.11,165.04,165.0503,4329
2020-10-15 12:47,165.065,165.08,164.96,164.96,5804
2020-10-15 12:48,164.96,165.03,164.96,164.972,10764
2020-10-15 12:49,165,165.025,164.96,164.99,7778
2020-10-15 12:50,164.93,165.135,164.93,165.08,12936
2020-10-15 12:51,165.1,165.1,164.97,165.05,9651
2020-10-15 12:52,165.05,165.19,165.04,165.11,10357
2020-10-15 12:53,165.1,165.17,165.08,165.1,12975
2020-10-15 12:54,165.1,165.18,165.0301,165.09,16084
2020-10-15 12:55,165.065,165.07,164.97,165.05,18967
2020-10-15 12:56,165.04,165.12,164.96,165,18559
2020-10-15 12:57,164.97,165.105,164.97,165.07,16082
2020-10-15 12:58,165.07,165.23,165.06,165.23,20781
2020-10-15 12:59,165.23,165.46,165.21,165.46,76589
2020-10-16 06:30,165.91,166.46,165.91,166.1,299158
2020-10-16 06:31,166.17,166.61,166.17,166.5926,7987
2020-10-16 06:32,166.6,166.72,166.475,166.53,14790
2020-10-16 06:33,166.54,166.975,166.54,166.97,5566
2020-10-16 06:34,166.96,167.22,166.96,166.99,13015
2020-10-16 06:35,167,167.25,166.93,167.2,14858
2020-10-16 06:36,167.11,167.175,166.9,166.93,19364
2020-10-16 06:37,166.87,166.87,166.605,166.72,13113
2020-10-16 06:38,166.7,166.88,166.66,166.83,6043
2020-10-16 06:39,166.86,166.89,166.68,166.8222,8506
2020-10-16 06:40,166.87,166.87,166.79,166.82,10820
2020-10-16 06:41,166.88,166.89,166.57,166.57,17786
2020-10-16 06:42,166.53,166.585,166.435,166.49,10440
2020-10-16 06:43,166.535,166.59,166.48,166.5841,7208
2020-10-16 06:44,166.56,166.56,166.31,166.31,6796
2020-10-16 06:45,166.38,166.5,166.255,166.255,6855
2020-10-16 06:46,166.2025,166.3299,166.135,166.135,4689
2020-10-16 06:47,166.18,166.39,166.13,166.325,7586
2020-10-16 06:48,166.37,166.38,166.28,166.3,2452
2020-10-16 06:49,166.26,166.27,166.25,166.255,1823
2020-10-16 06:50,166.29,166.31,165.95,165.95,8149
2020-10-16 06:51,166.02,166.171,165.97,165.97,6034
2020-10-16 06:52,166.025,166.1,165.965,166,8851
2020-10-16 06:53,166.01,166.1,165.915,165.975,6010
2020-10-16 06:54,165.9,165.96,165.871,165.871,10728
2020-10-16 06:55,165.9034,166.05,165.82,166.05,21668
2020-10-16 06:56,166.08,166.154,165.98,166.13,11274
2020-10-16 06:57,166.16,166.196,166.1,166.1,11316
2020-10-16 06:58,166.14,166.14,165.99,166.12,11693
2020-10-16 06:59,166.09,166.1025,166.03,166.03,7926
2020-10-16 07:00,166.03,166.22,166.03,166.135,19159
2020-10-16 07:01,166.17,166.608,166.14,166.52,44168
2020-10-16 07:02,166.5176,166.64,166.47,166.64,14490
2020-10-16 07:03,166.6,166.7,166.59,166.6441,18820
2020-10-16 07:04,166.64,166.68,166.56,166.62,9410
2020-10-16 07:05,166.5765,166.595,166.3789,166.51,7710
2020-10-16 07:06,166.51,166.63,166.49,166.605,17423
2020-10-16 07:07,166.6,166.67,166.545,166.58,10770
2020-10-16 07:08,166.535,166.57,166.47,166.48,7024
2020-10-16 07:09,166.48,166.5,166.28,166.3106,5123
2020-10-16 07:10,166.32,166.35,166.3,166.35,1929
2020-10-16 07:11,166.314,166.36,166.29,166.29,4513
2020-10-16 07:12,166.32,166.345,166.225,166.225,5728
2020-10-16 07:13,166.2599,166.2599,166.07,166.07,2741
2020-10-16 07:14,166.06,166.11,165.99,166.01,6687
2020-10-16 07:15,165.935,166.08,165.935,166.0325,11637
2020-10-16 07:16,166.05,166.21,166.05,166.21,6164
2020-10-16 07:17,166.21,166.245,166.18,166.245,6013
2020-10-16 07:18,166.2615,166.27,166.24,166.25,3432
2020-10-16 07:19,166.245,166.37,166.24,166.27,15638
2020-10-16 07:20,166.25,166.28,166.2,166.2175,6907
2020-10-16 07:21,166.1597,166.19,166.09,166.09,5039
2020-10-16 07:22,166.09,166.09,166.01,166.02,9834
2020-10-16 07:23,166.016,166.05,165.94,165.985,7401
2020-10-16 07:24,165.97,165.97,165.85,165.855,6967
2020-10-16 07:25,165.88,166.0211,165.865,166.0211,5515
2020-10-16 07:26,165.98,166.05,165.935,166.02,13398
2020-10-16 07:27,166.04,166.15,166.04,166.075,14257
2020-10-16 07:28,166.04,166.04,165.995,166.03,4650
2020-10-16 07:29,166.02,166.04,165.97,166.04,3002
2020-10-16 07:30,166.07,166.13,165.97,165.9831,3989
2020-10-16 07:31,165.98,165.98,165.895,165.97,4452
2020-10-16 07:32,165.95,165.98,165.92,165.96,3591
2020-10-16 07:33,165.93,166,165.87,165.87,8095
2020-10-16 07:34,165.92,165.92,165.85,165.875,6048
2020-10-16 07:35,165.875,165.89,165.76,165.83,46490
2020-10-16 07:36,165.825,165.825,165.65,165.72,5585
2020-10-16 07:37,165.7202,165.85,165.7054,165.85,6554
2020-10-16 07:38,165.81,165.91,165.7875,165.91,5298
2020-10-16 07:39,165.885,165.98,165.885,165.915,6187
2020-10-16 07:40,165.9247,165.95,165.79,165.82,14568
2020-10-16 07:41,165.79,165.81,165.6,165.6,15410
2020-10-16 07:42,165.6082,165.66,165.41,165.435,13753
2020-10-16 07:43,165.41,165.43,165.3,165.32,2521
2020-10-16 07:44,165.34,165.34,165.19,165.25,7071
2020-10-16 07:45,165.27,165.42,165.27,165.36,17454
2020-10-16 07:46,165.33,165.38,165.2122,165.22,6214
2020-10-16 07:47,165.2011,165.25,165.08,165.12,5635
2020-10-16 07:48,165.08,165.2,165.08,165.16,8831
2020-10-16 07:49,165.18,165.25,165.18,165.2,5710
2020-10-16 07:50,165.17,165.23,165.08,165.08,5033
2020-10-16 07:51,165.0398,165.1805,165.0398,165.1805,5779
2020-10-16 07:52,165.13,165.13,165.07,165.095,1255
2020-10-16 07:53,165.09,165.14,165.03,165.05,9714
2020-10-16 07:54,165.055,165.16,165.0366,165.145,17231
2020-10-16 07:55,165.17,165.21,165.13,165.19,6157
2020-10-16 07:56,165.13,165.14,165.05,165.05,4750
2020-10-16 07:57,165.085,165.085,164.91,164.95,8216
2020-10-16 07:58,164.96,165.05,164.95,165,3900
2020-10-16 07:59,164.99,165,164.74,164.85,8856
2020-10-16 08:00,164.8357,164.8357,164.75,164.76,5864
2020-10-16 08:01,164.71,164.76,164.58,164.58,6976
2020-10-16 08:02,164.61,164.69,164.61,164.66,4282
2020-10-16 08:03,164.68,164.68,164.4101,164.4101,6628
2020-10-16 08:04,164.4327,164.71,164.4327,164.68,11914
2020-10-16 08:05,164.665,164.715,164.54,164.54,3956
2020-10-16 08:06,164.53,164.62,164.53,164.612,6166
2020-10-16 08:07,164.6208,164.66,164.61,164.62,5177
2020-10-16 08:08,164.63,164.6753,164.56,164.56,7060
2020-10-16 08:09,164.595,164.67,164.595,164.67,2915
2020-10-16 08:10,164.66,164.66,164.358,164.49,13558
2020-10-16 08:11,164.46,164.76,164.46,164.76,9587
2020-10-16 08:12,164.76,164.85,164.73,164.84,8430
2020-10-16 08:13,164.816,164.84,164.67,164.7,8842
2020-10-16 08:14,164.72,164.76,164.6195,164.6195,4131
2020-10-16 08:15,164.6201,164.7,164.62,164.66,2712
2020-10-16 08:16,164.715,164.79,164.678,164.681,7461
2020-10-16 08:17,164.67,164.72,164.63,164.72,2128
2020-10-16 08:18,164.73,164.9022,164.73,164.9022,10236
2020-10-16 08:19,164.91,165.07,164.91,165.02,23641
2020-10-16 08:20,165,165.14,164.99,165.11,8151
2020-10-16 08:21,165.1,165.3,165.1,165.189,6865
2020-10-16 08:22,165.2229,165.27,165.1049,165.175,5087
2020-10-16 08:23,165.18,165.18,164.94,165.18,10825
2020-10-16 08:24,165.21,165.28,165.19,165.24,3710
2020-10-16 08:25,165.21,165.27,165.18,165.2322,4770
2020-10-16 08:26,165.2,165.37,165.2,165.36,4065
2020-10-16 08:27,165.355,165.355,165.24,165.33,2624
2020-10-16 08:28,165.34,165.37,165.273,165.34,3622
2020-10-16 08:29,165.335,165.45,165.33,165.33,4574
2020-10-16 08:30,165.374,165.68,165.374,165.68,11745
2020-10-16 08:31,165.68,165.6994,165.58,165.642,8672
2020-10-16 08:32,165.7,165.71,165.51,165.52,5404
2020-10-16 08:33,165.54,165.57,165.395,165.46,5137
2020-10-16 08:34,165.51,165.6466,165.46,165.57,4166
2020-10-16 08:35,165.57,165.69,165.56,165.58,4007
2020-10-16 08:36,165.62,165.83,165.62,165.82,3761
2020-10-16 08:37,165.87,165.9299,165.79,165.8492,9105
2020-10-16 08:38,165.82,165.82,165.66,165.6696,4407
2020-10-16 08:39,165.68,165.68,165.63,165.65,2966
2020-10-16 08:40,165.61,165.68,165.57,165.64,7465
2020-10-16 08:41,165.61,165.8,165.6,165.8,11324
2020-10-16 08:42,165.78,165.81,165.725,165.74,6807
2020-10-16 08:43,165.71,165.85,165.71,165.8283,9038
2020-10-16 08:44,165.81,165.86,165.748,165.81,7696
2020-10-16 08:45,165.85,165.96,165.81,165.96,4452
2020-10-16 08:46,165.97,165.97,165.9,165.94,10103
2020-10-16 08:47,165.94,165.96,165.89,165.9,5767
2020-10-16 08:48,165.91,165.91,165.805,165.88,6948
2020-10-16 08:49,165.88,165.98,165.87,165.95,3241
2020-10-16 08:50,165.92,166.02,165.89,165.99,5830
2020-10-16 08:51,166,166.16,165.95,166.12,33080
2020-10-16 08:52,166.11,166.22,166.07,166.15,6261
2020-10-16 08:53,166.175,166.175,166.07,166.16,8745
2020-10-16 08:54,166.13,166.18,166.08,166.12,3747
2020-10-16 08:55,166.13,166.15,166.11,166.15,1144
2020-10-16 08:56,166.12,166.23,166.1,166.18,12523
2020-10-16 08:57,166.175,166.18,166.12,166.15,3986
2020-10-16 08:58,166.09,166.12,165.9876,165.9876,4717
2020-10-16 08:59,166.03,166.07,166.01,166.01,9774
2020-10-16 09:00,166.01,166.02,165.98,165.98,4634
2020-10-16 09:01,166,166,165.86,165.87,9814
2020-10-16 09:02,165.89,165.9594,165.83,165.9594,9639
2020-10-16 09:03,165.95,166.04,165.935,166.02,2969
2020-10-16 09:04,166,166.07,166,166.03,6437
2020-10-16 09:05,166,166.01,165.9101,165.9206,3193
2020-10-16 09:06,165.91,165.94,165.83,165.87,6827
2020-10-16 09:07,165.86,165.88,165.82,165.865,5802
2020-10-16 09:08,165.87,165.97,165.87,165.97,4571
2020-10-16 09:09,165.98,166.05,165.92,166.05,6709
2020-10-16 09:10,166.01,166.03,165.9,165.96,4443
2020-10-16 09:11,165.96,166.035,165.96,166.035,4549
2020-10-16 09:12,166.07,166.07,166.01,166.07,2553
2020-10-16 09:13,166.0248,166.2,166.0248,166.2,5044
2020-10-16 09:14,166.18,166.215,166.15,166.19,3924
2020-10-16 09:15,166.2,166.21,166.14,166.17,6610
2020-10-16 09:16,166.14,166.23,166.14,166.2,5348
2020-10-16 09:17,166.19,166.25,166.16,166.25,4363
2020-10-16 09:18,166.24,166.24,166.12,166.14,3098
2020-10-16 09:19,166.13,166.2,166.13,166.14,2482
2020-10-16 09:20,166.1,166.1,165.95,165.95,2261
2020-10-16 09:21,165.97,166.03,165.95,166.01,5051
2020-10-16 09:22,166.01,166.01,166,166,1041
2020-10-16 09:23,166.01,166.02,165.97,166.02,2362
2020-10-16 09:24,166.02,166.04,165.98,165.98,2885
2020-10-16 09:25,165.97,166.06,165.97,166.04,3372
2020-10-16 09:26,166.065,166.09,166.06,166.07,4962
2020-10-16 09:27,166.04,166.09,166.04,166.07,6568
2020-10-16 09:28,166.06,166.19,166.06,166.17,5908
2020-10-16 09:29,166.1501,166.18,166.07,166.07,4734
2020-10-16 09:30,166.06,166.16,166.0599,166.135,5003
2020-10-16 09:31,166.1,166.11,166.04,166.04,1868
2020-10-16 09:32,166.01,166.03,165.93,165.93,3502
2020-10-16 09:33,165.91,165.945,165.91,165.945,1993
2020-10-16 09:34,165.96,166.02,165.96,165.975,5503
2020-10-16 09:35,165.95,165.98,165.87,165.87,2556
2020-10-16 09:36,165.87,165.92,165.8306,165.89,9694
2020-10-16 09:37,165.91,165.955,165.87,165.95,2171
2020-10-16 09:38,165.94,165.94,165.875,165.875,1408
2020-10-16 09:39,165.8912,165.92,165.89,165.91,2394
2020-10-16 09:40,165.91,165.91,165.85,165.855,2315
2020-10-16 09:41,165.85,165.85,165.7198,165.74,3291
2020-10-16 09:42,165.77,165.87,165.77,165.85,9217
2020-10-16 09:43,165.85,165.8875,165.8173,165.83,8535
2020-10-16 09:44,165.82,165.84,165.77,165.77,2120
2020-10-16 09:45,165.765,165.82,165.75,165.82,3499
2020-10-16 09:46,165.84,165.89,165.83,165.83,4070
2020-10-16 09:47,165.8291,165.86,165.8291,165.84,3247
2020-10-16 09:48,165.82,165.82,165.8,165.81,1798
2020-10-16 09:49,165.75,165.78,165.705,165.77,5708
2020-10-16 09:50,165.77,165.78,165.69,165.7212,2525
2020-10-16 09:51,165.65,165.67,165.5964,165.67,3022
2020-10-16 09:52,165.675,165.73,165.675,165.72,8186
2020-10-16 09:53,165.7,165.7,165.64,165.67,2920
2020-10-16 09:54,165.66,165.74,165.65,165.74,3409
2020-10-16 09:55,165.75,165.75,165.67,165.6785,1209
2020-10-16 09:56,165.67,165.71,165.6265,165.71,4581
2020-10-16 09:57,165.736,165.76,165.72,165.75,2666
2020-10-16 09:58,165.8,165.83,165.8,165.83,1505
2020-10-16 09:59,165.81,165.81,165.77,165.79,1270
2020-10-16 10:00,165.77,166.01,165.77,165.95,13343
2020-10-16 10:01,165.925,165.94,165.91,165.91,4306
2020-10-16 10:02,165.9,165.96,165.9,165.93,1944
2020-10-16 10:03,165.94,166.07,165.94,166.07,15495
2020-10-16 10:04,166.078,166.078,165.9379,165.9379,1947
2020-10-16 10:05,165.945,165.97,165.9344,165.95,2585
2020-10-16 10:06,165.965,166.05,165.93,166,7740
2020-10-16 10:07,165.98,166.06,165.98,166.06,1806
2020-10-16 10:08,166.08,166.09,166.04,166.04,4396
2020-10-16 10:09,166.02,166.05,166.02,166.04,1662
2020-10-16 10:10,166.05,166.08,166.0367,166.0601,2856
2020-10-16 10:11,166.06,166.06,165.95,165.95,2772
2020-10-16 10:12,165.95,166,165.93,166,1849
2020-10-16 10:13,166,166,165.955,165.955,1179
2020-10-16 10:14,165.97,166.02,165.97,166.02,2992
2020-10-16 10:15,166.02,166.07,165.98,166.07,8823
2020-10-16 10:16,166.105,166.115,166.08,166.085,7678
2020-10-16 10:17,166.08,166.2,166.065,166.18,5301
2020-10-16 10:18,166.1601,166.25,166.1601,166.23,5487
2020-10-16 10:19,166.25,166.33,166.25,166.295,3800
2020-10-16 10:20,166.29,166.29,166.12,166.12,4823
2020-10-16 10:21,166.13,166.16,166.13,166.14,1967
2020-10-16 10:22,166.13,166.19,166.12,166.19,2402
2020-10-16 10:23,166.23,166.235,166.125,166.125,2064
2020-10-16 10:24,166.1,166.125,166.04,166.05,1848
2020-10-16 10:25,166.05,166.07,166.02,166.02,1939
2020-10-16 10:26,166.045,166.095,166.045,166.08,2549
2020-10-16 10:27,166.0669,166.09,166.05,166.05,6333
2020-10-16 10:28,166.05,166.09,166.05,166.06,4953
2020-10-16 10:29,166.07,166.09,166.07,166.09,13104
2020-10-16 10:30,166.09,166.18,166.075,166.09,12045
2020-10-16 10:31,166.08,166.08,165.995,166.02,4323
2020-10-16 10:32,166.01,166.01,166.01,166.01,1242
2020-10-16 10:33,165.99,165.9929,165.93,165.98,6000
2020-10-16 10:34,166.01,166.03,166,166.03,1556
2020-10-16 10:35,166.02,166.06,166.02,166.06,2068
2020-10-16 10:36,166.055,166.09,166.05,166.07,3904
2020-10-16 10:37,166.0644,166.09,166,166.09,208246
2020-10-16 10:38,166.09,166.09,166.01,166.01,9269
2020-10-16 10:39,165.99,165.99,165.811,165.811,5817
2020-10-16 10:40,165.81,165.91,165.8,165.87,6343
2020-10-16 10:41,165.87,165.8999,165.85,165.87,4347
2020-10-16 10:42,165.87,165.87,165.8,165.8,2934
2020-10-16 10:43,165.78,165.85,165.7552,165.835,4016
2020-10-16 10:44,165.835,165.835,165.775,165.775,1781
2020-10-16 10:45,165.8,165.8,165.73,165.73,1056
2020-10-16 10:46,165.7163,165.77,165.7163,165.725,3843
2020-10-16 10:47,165.7,165.71,165.66,165.68,2088
2020-10-16 10:48,165.69,165.76,165.65,165.76,3389
2020-10-16 10:49,165.78,165.8,165.76,165.79,3697
2020-10-16 10:50,165.79,165.83,165.77,165.83,4930
2020-10-16 10:51,165.81,165.88,165.81,165.88,4103
2020-10-16 10:52,165.89,165.93,165.86,165.91,3200
2020-10-16 10:53,165.93,165.93,165.915,165.915,1556
2020-10-16 10:54,165.915,165.93,165.88,165.92,2962
2020-10-16 10:55,165.8847,165.89,165.85,165.86,2875
2020-10-16 10:56,165.89,165.9,165.88,165.89,2022
2020-10-16 10:57,165.86,165.88,165.8408,165.845,1873
2020-10-16 10:58,165.84,165.9,165.84,165.9,2806
2020-10-16 10:59,165.9,165.9,165.84,165.86,2232
2020-10-16 11:00,165.88,165.95,165.88,165.935,12216
2020-10-16 11:01,165.93,166.04,165.93,166.04,5981
2020-10-16 11:02,166.05,166.09,166.04,166.04,6128
2020-10-16 11:03,166,166.01,165.85,165.85,8602
2020-10-16 11:04,165.805,165.805,165.73,165.75,3759
2020-10-16 11:05,165.77,165.82,165.743,165.82,2000
2020-10-16 11:06,165.81,165.86,165.81,165.855,1889
2020-10-16 11:07,165.87,165.97,165.87,165.915,4119
2020-10-16 11:08,165.915,165.915,165.85,165.85,3319
2020-10-16 11:09,165.86,165.86,165.8,165.825,2705
2020-10-16 11:10,165.825,165.85,165.7501,165.79,6806
2020-10-16 11:11,165.8,165.93,165.8,165.915,185913
2020-10-16 11:12,165.94,166.13,165.94,166.0901,14234
2020-10-16 11:13,166.09,166.09,165.99,166.04,4445
2020-10-16 11:14,166.02,166.02,165.94,165.96,2038
2020-10-16 11:15,165.925,165.98,165.925,165.95,3815
2020-10-16 11:16,165.96,165.96,165.8201,165.8201,2789
2020-10-16 11:17,165.8466,165.8641,165.77,165.85,4450
2020-10-16 11:18,165.815,165.865,165.78,165.865,3869
2020-10-16 11:19,165.84,165.87,165.78,165.78,3041
2020-10-16 11:20,165.75,165.77,165.71,165.76,4725
2020-10-16 11:21,165.75,165.754,165.74,165.74,1178
2020-10-16 11:22,165.74,165.7601,165.73,165.7601,2863
2020-10-16 11:23,165.7788,165.79,165.72,165.72,3149
2020-10-16 11:24,165.7,165.71,165.695,165.7,1537
2020-10-16 11:25,165.71,165.76,165.68,165.76,3322
2020-10-16 11:26,165.72,165.8,165.67,165.8,3342
2020-10-16 11:27,165.79,165.795,165.79,165.795,1600
2020-10-16 11:28,165.78,165.84,165.775,165.83,3107
2020-10-16 11:29,165.835,165.835,165.8,165.8,1938
2020-10-16 11:30,165.8,165.8399,165.79,165.82,4392
2020-10-16 11:31,165.82,165.85,165.81,165.85,2551
2020-10-16 11:32,165.855,165.88,165.84,165.88,1998
2020-10-16 11:33,165.86,165.86,165.83,165.84,4199
2020-10-16 11:34,165.81,165.81,165.73,165.78,5636
2020-10-16 11:35,165.765,165.845,165.75,165.84,2562
2020-10-16 11:36,165.85,165.9,165.85,165.8735,2389
2020-10-16 11:37,165.885,165.95,165.875,165.935,1809
2020-10-16 11:38,165.95,166.03,165.95,165.995,3302
2020-10-16 11:39,165.98,165.99,165.94,165.985,2402
2020-10-16 11:40,165.97,165.97,165.89,165.92,1955
2020-10-16 11:41,165.835,165.92,165.83,165.87,3740
2020-10-16 11:42,165.87,165.88,165.85,165.86,3364
2020-10-16 11:43,165.86,165.88,165.745,165.745,2675
2020-10-16 11:44,165.77,165.825,165.77,165.825,2261
2020-10-16 11:45,165.83,165.84,165.8,165.805,3684
2020-10-16 11:46,165.81,165.81,165.765,165.765,2078
2020-10-16 11:47,165.75,165.75,165.68,165.695,2842
2020-10-16 11:48,165.71,165.72,165.67,165.71,4341
2020-10-16 11:49,165.71,165.76,165.67,165.71,4413
2020-10-16 11:50,165.7,165.72,165.68,165.71,2822
2020-10-16 11:51,165.73,165.73,165.7,165.7,2881
2020-10-16 11:52,165.7,165.75,165.69,165.73,5334
2020-10-16 11:53,165.73,165.77,165.72,165.76,3025
2020-10-16 11:54,165.79,165.8499,165.79,165.83,2314
2020-10-16 11:55,165.78,165.8,165.7352,165.7352,4771
2020-10-16 11:56,165.76,165.87,165.76,165.805,4953
2020-10-16 11:57,165.805,165.8199,165.76,165.76,3038
2020-10-16 11:58,165.73,165.75,165.68,165.725,3591
2020-10-16 11:59,165.74,165.825,165.74,165.79,3789
2020-10-16 12:00,165.8,165.875,165.8,165.875,4776
2020-10-16 12:01,165.86,165.86,165.73,165.73,3680
2020-10-16 12:02,165.66,165.66,165.59,165.61,2052
2020-10-16 12:03,165.595,165.6199,165.55,165.59,2981
2020-10-16 12:04,165.5765,165.58,165.45,165.475,4823
2020-10-16 12:05,165.51,165.54,165.38,165.4273,5974
2020-10-16 12:06,165.42,165.47,165.34,165.36,192361
2020-10-16 12:07,165.36,165.39,165.23,165.235,7569
2020-10-16 12:08,165.22,165.27,165.21,165.23,6912
2020-10-16 12:09,165.23,165.27,165.21,165.2589,5170
2020-10-16 12:10,165.27,165.27,165.09,165.09,6320
2020-10-16 12:11,165.095,165.19,165.06,165.19,3804
2020-10-16 12:12,165.22,165.28,165.165,165.2212,7552
2020-10-16 12:13,165.27,165.27,165.11,165.1489,3224
2020-10-16 12:14,165.14,165.15,165.05,165.05,7191
2020-10-16 12:15,165.07,165.12,165.03,165.105,3871
2020-10-16 12:16,165.11,165.16,165.1,165.126,3193
2020-10-16 12:17,165.13,165.13,165.04,165.09,5935
2020-10-16 12:18,165.09,165.11,165.06,165.09,3143
2020-10-16 12:19,165.11,165.13,165.09,165.108,3465
2020-10-16 12:20,165.12,165.135,165.054,165.135,5299
2020-10-16 12:21,165.12,165.15,165.11,165.11,2469
2020-10-16 12:22,165.095,165.095,165.03,165.09,3831
2020-10-16 12:23,165.115,165.115,165.07,165.105,5948
2020-10-16 12:24,165.12,165.1599,165.11,165.11,3542
2020-10-16 12:25,165.125,165.1871,165.075,165.18,158729
2020-10-16 12:26,165.17,165.18,165.125,165.1563,7774
2020-10-16 12:27,165.17,165.18,165.02,165.06,5821
2020-10-16 12:28,165.08,165.1,165.02,165.06,4096
2020-10-16 12:29,165.1,165.1,165.03,165.1,2793
2020-10-16 12:30,165.1,165.1,165.03,165.065,4392
2020-10-16 12:31,165.065,165.11,165.04,165.11,4968
2020-10-16 12:32,165.11,165.21,165.11,165.19,3183
2020-10-16 12:33,165.18,165.19,165.09,165.09,5515
2020-10-16 12:34,165.09,165.16,165.0662,165.15,6303
2020-10-16 12:35,165.14,165.25,165.08,165.25,7314
2020-10-16 12:36,165.2276,165.23,165.14,165.1842,3753
2020-10-16 12:37,165.17,165.17,165.11,165.125,4590
2020-10-16 12:38,165.14,165.15,165.06,165.07,5213
2020-10-16 12:39,165.07,165.12,165.0601,165.08,6370
2020-10-16 12:40,165.06,165.1713,165.04,165.14,12813
2020-10-16 12:41,165.13,165.14,165.05,165.05,5020
2020-10-16 12:42,165.065,165.11,165.05,165.09,4649
2020-10-16 12:43,165.11,165.17,165.11,165.1601,5950
2020-10-16 12:44,165.15,165.23,165.08,165.22,7923
2020-10-16 12:45,165.22,165.264,165.17,165.26,6282
2020-10-16 12:46,165.27,165.34,165.27,165.339,7241
2020-10-16 12:47,165.32,165.35,165.27,165.28,10294
2020-10-16 12:48,165.29,165.32,165.24,165.32,7752
2020-10-16 12:49,165.32,165.35,165.275,165.33,9055
2020-10-16 12:50,165.31,165.36,165.18,165.3,21971
2020-10-16 12:51,165.29,165.29,165.06,165.07,9250
2020-10-16 12:52,165.07,165.15,165.07,165.09,16747
2020-10-16 12:53,165.065,165.08,165.01,165.02,13622
2020-10-16 12:54,165.03,165.0526,164.95,164.98,18735
2020-10-16 12:55,165.015,165.09,165.015,165.09,15220
2020-10-16 12:56,165.09,165.09,164.98,165.035,16289
2020-10-16 12:57,165.04,165.12,164.93,164.95,18098
2020-10-16 12:58,164.97,165.05,164.9501,165.02,16949
2020-10-16 12:59,165.02,165.06,164.72,164.92,152080
2020-10-19 06:30,166.21,166.45,165.86,166.055,93545
2020-10-19 06:31,166.055,166.185,165.79,165.96,10958
2020-10-19 06:32,166.05,166.16,165.925,166.16,3924
2020-10-19 06:33,166.24,166.61,166.23,166.51,13203
2020-10-19 06:34,166.47,166.48,166.24,166.34,3969
2020-10-19 06:35,166.31,166.35,166.01,166.0201,11220
2020-10-19 06:36,166.07,166.16,165.965,166.06,6929
2020-10-19 06:37,166.01,166.3,166.01,166.28,12538
2020-10-19 06:38,166.32,166.7,166.32,166.56,13600
2020-10-19 06:39,166.6166,166.67,166.53,166.6,3187
2020-10-19 06:40,166.605,166.605,166.46,166.5177,7233
2020-10-19 06:41,166.52,166.7,166.5,166.59,10277
2020-10-19 06:42,166.58,166.58,166.19,166.24,18388
2020-10-19 06:43,166.26,166.36,166.16,166.25,14385
2020-10-19 06:44,166.255,166.4,166.24,166.26,9668
2020-10-19 06:45,166.28,166.33,166.06,166.11,6409
2020-10-19 06:46,166.01,166.15,165.975,166.12,6963
2020-10-19 06:47,166.11,166.17,166.105,166.13,2922
2020-10-19 06:48,166.12,166.19,166.06,166.07,5388
2020-10-19 06:49,166.0779,166.0779,165.9,165.99,7207
2020-10-19 06:50,166.02,166.1133,165.99,166.1126,5933
2020-10-19 06:51,166.07,166.07,165.98,165.995,5672
2020-10-19 06:52,165.97,166.25,165.94,166.13,17777
2020-10-19 06:53,166.13,166.26,166.1,166.26,2565
2020-10-19 06:54,166.25,166.25,166.075,166.22,8243
2020-10-19 06:55,166.3,166.36,166.21,166.21,8038
2020-10-19 06:56,166.155,166.36,166.1001,166.36,2740
2020-10-19 06:57,166.395,166.46,166.39,166.43,3430
2020-10-19 06:58,166.4,166.4799,166.34,166.4799,3330
2020-10-19 06:59,166.435,166.535,166.39,166.39,6985
2020-10-19 07:00,166.37,166.4,166.14,166.28,6010
2020-10-19 07:01,166.2753,166.34,166.21,166.21,4052
2020-10-19 07:02,166.185,166.185,166.0564,166.1225,3710
2020-10-19 07:03,166.12,166.2,166.09,166.16,18727
2020-10-19 07:04,166.2111,166.3,166.2111,166.2593,2755
2020-10-19 07:05,166.265,166.33,166.21,166.33,4415
2020-10-19 07:06,166.36,166.48,166.36,166.3942,7418
2020-10-19 07:07,166.37,166.4,166.21,166.325,3447
2020-10-19 07:08,166.335,166.37,166.2,166.21,6873
2020-10-19 07:09,166.18,166.18,165.94,166,6621
2020-10-19 07:10,165.98,166.08,165.93,166.07,5323
2020-10-19 07:11,166.05,166.22,165.91,166.22,12727
2020-10-19 07:12,166.2529,166.352,166.24,166.25,5712
2020-10-19 07:13,166.31,166.36,166.26,166.36,2539
2020-10-19 07:14,166.4,166.49,166.3622,166.455,7073
2020-10-19 07:15,166.42,166.55,166.39,166.525,4642
2020-10-19 07:16,166.52,166.62,166.42,166.4592,11055
2020-10-19 07:17,166.475,166.58,166.46,166.58,4439
2020-10-19 07:18,166.6,166.7199,166.6,166.7199,5479
2020-10-19 07:19,166.658,166.73,166.59,166.73,4164
2020-10-19 07:20,166.72,166.75,166.6417,166.65,6725
2020-10-19 07:21,166.655,166.68,166.61,166.67,3414
2020-10-19 07:22,166.67,166.77,166.67,166.72,4010
2020-10-19 07:23,166.74,166.74,166.62,166.664,4200
2020-10-19 07:24,166.65,166.67,166.52,166.555,4413
2020-10-19 07:25,166.52,166.59,166.51,166.55,2844
2020-10-19 07:26,166.57,166.665,166.57,166.665,2888
2020-10-19 07:27,166.65,166.66,166.4932,166.61,4702
2020-10-19 07:28,166.61,166.72,166.61,166.72,2295
2020-10-19 07:29,166.69,166.8,166.69,166.7501,5725
2020-10-19 07:30,166.76,166.93,166.73,166.92,9242
2020-10-19 07:31,166.9028,166.92,166.84,166.9,4730
2020-10-19 07:32,166.865,166.94,166.85,166.9,5350
2020-10-19 07:33,166.91,166.96,166.9,166.9,5780
2020-10-19 07:34,166.89,166.91,166.82,166.8487,6720
2020-10-19 07:35,166.83,166.83,166.63,166.635,7115
2020-10-19 07:36,166.62,166.64,166.58,166.6129,6930
2020-10-19 07:37,166.57,166.57,166.39,166.45,4390
2020-10-19 07:38,166.42,166.4428,166.42,166.426,778
2020-10-19 07:39,166.39,166.565,166.34,166.565,6665
2020-10-19 07:40,166.54,166.7,166.54,166.67,3955
2020-10-19 07:41,166.62,166.75,166.59,166.75,3381
2020-10-19 07:42,166.75,166.85,166.75,166.84,2463
2020-10-19 07:43,166.85,166.86,166.71,166.73,8107
2020-10-19 07:44,166.71,166.7335,166.47,166.48,4737
2020-10-19 07:45,166.41,166.48,166.245,166.45,4298
2020-10-19 07:46,166.5,166.68,166.47,166.51,6681
2020-10-19 07:47,166.5,166.5595,166.38,166.42,4906
2020-10-19 07:48,166.395,166.58,166.395,166.47,2989
2020-10-19 07:49,166.5,166.5,166.43,166.49,1536
2020-10-19 07:50,166.52,166.61,166.41,166.52,5501
2020-10-19 07:51,166.52,166.54,166.47,166.47,4482
2020-10-19 07:52,166.51,166.55,166.44,166.53,3940
2020-10-19 07:53,166.542,166.6225,166.51,166.62,12908
2020-10-19 07:54,166.66,166.7,166.6,166.68,9216
2020-10-19 07:55,166.68,166.68,166.59,166.68,13293
2020-10-19 07:56,166.68,166.7025,166.55,166.59,4699
2020-10-19 07:57,166.585,166.7,166.555,166.64,4306
2020-10-19 07:58,166.635,166.69,166.63,166.69,3022
2020-10-19 07:59,166.69,166.76,166.675,166.675,3532
2020-10-19 08:00,166.67,166.68,166.64,166.64,3161
2020-10-19 08:01,166.65,166.69,166.57,166.69,3419
2020-10-19 08:02,166.75,166.75,166.71,166.71,3255
2020-10-19 08:03,166.715,166.86,166.715,166.82,3048
2020-10-19 08:04,166.82,166.85,166.76,166.775,2909
2020-10-19 08:05,166.765,166.765,166.64,166.71,3765
2020-10-19 08:06,166.7046,166.72,166.59,166.67,3707
2020-10-19 08:07,166.64,166.65,166.61,166.61,1376
2020-10-19 08:08,166.63,166.64,166.53,166.555,2446
2020-10-19 08:09,166.57,166.63,166.54,166.63,4445
2020-10-19 08:10,166.63,166.6519,166.63,166.63,597
2020-10-19 08:11,166.66,166.69,166.63,166.63,1590
2020-10-19 08:12,166.67,166.74,166.67,166.7,1637
2020-10-19 08:13,166.7,166.7,166.63,166.7,2071
2020-10-19 08:14,166.76,166.81,166.75,166.81,2565
2020-10-19 08:15,166.79,166.81,166.75,166.75,2655
2020-10-19 08:16,166.73,166.75,166.67,166.73,4242
2020-10-19 08:17,166.78,166.9,166.78,166.78,4194
2020-10-19 08:18,166.77,166.79,166.765,166.765,629
2020-10-19 08:19,166.74,166.74,166.68,166.735,2976
2020-10-19 08:20,166.695,166.695,166.51,166.597,6974
2020-10-19 08:21,166.76,166.76,166.57,166.625,3671
2020-10-19 08:22,166.6,166.63,166.48,166.48,3878
2020-10-19 08:23,166.4,166.4,166.17,166.26,5051
2020-10-19 08:24,166.28,166.3377,166.05,166.07,9785
2020-10-19 08:25,166.12,166.16,166.11,166.13,1920
2020-10-19 08:26,166.1,166.11,165.87,165.9,14711
2020-10-19 08:27,165.92,165.96,165.68,165.735,14185
2020-10-19 08:28,165.77,165.79,165.77,165.79,2316
2020-10-19 08:29,165.79,165.9,165.79,165.87,4430
2020-10-19 08:30,165.9,166.01,165.88,165.88,2371
2020-10-19 08:31,165.91,166.01,165.895,165.92,6468
2020-10-19 08:32,165.92,165.9413,165.81,165.81,2137
2020-10-19 08:33,165.8,165.88,165.67,165.88,3408
2020-10-19 08:34,165.87,165.87,165.77,165.795,3622
2020-10-19 08:35,165.7434,165.99,165.7434,165.98,2585
2020-10-19 08:36,165.891,165.94,165.84,165.84,3767
2020-10-19 08:37,165.85,165.89,165.85,165.87,6608
2020-10-19 08:38,165.88,165.88,165.81,165.81,2592
2020-10-19 08:39,165.83,165.85,165.8,165.84,2667
2020-10-19 08:40,165.82,165.92,165.82,165.92,1675
2020-10-19 08:41,165.92,165.98,165.92,165.97,817
2020-10-19 08:42,165.95,165.98,165.92,165.95,1795
2020-10-19 08:43,165.92,165.94,165.9,165.92,2665
2020-10-19 08:44,165.87,165.89,165.84,165.85,1345
2020-10-19 08:45,165.92,165.92,165.85,165.85,887
2020-10-19 08:46,165.87,165.87,165.81,165.81,1278
2020-10-19 08:47,165.845,165.9,165.845,165.9,1857
2020-10-19 08:48,165.93,165.97,165.92,165.92,2935
2020-10-19 08:49,165.93,165.93,165.83,165.89,2843
2020-10-19 08:50,165.85,165.9,165.81,165.9,2101
2020-10-19 08:51,165.84,165.86,165.84,165.86,665
2020-10-19 08:52,165.91,165.95,165.91,165.95,1055
2020-10-19 08:54,165.95,165.9932,165.89,165.96,4700
2020-10-19 08:55,166,166.22,166,166.155,11347
2020-10-19 08:56,166.16,166.16,166,166.015,27443
2020-10-19 08:57,166,166,165.91,165.98,2365
2020-10-19 08:58,166.0016,166.15,166.0016,166.11,4063
2020-10-19 08:59,166.11,166.14,166.06,166.09,3876
2020-10-19 09:00,166.07,166.25,166.07,166.21,1223
2020-10-19 09:01,166.2,166.2,166.08,166.09,8108
2020-10-19 09:02,166.08,166.08,165.987,165.987,4770
2020-10-19 09:03,166,166.28,166,166.28,4183
2020-10-19 09:04,166.2719,166.305,166.21,166.23,3419
2020-10-19 09:05,166.2328,166.2328,166.06,166.06,3497
2020-10-19 09:06,166.01,166.09,165.98,166.09,4792
2020-10-19 09:07,166.08,166.22,166.08,166.22,2474
2020-10-19 09:08,166.205,166.205,166.14,166.19,3044
2020-10-19 09:09,166.2,166.33,166.2,166.24,2886
2020-10-19 09:10,166.255,166.36,166.255,166.32,1513
2020-10-19 09:11,166.3,166.31,166.2356,166.25,2054
2020-10-19 09:12,166.23,166.23,166.105,166.15,2164
2020-10-19 09:13,166.12,166.13,166.07,166.13,891
2020-10-19 09:14,166.0998,166.19,166.05,166.19,2178
2020-10-19 09:15,166.15,166.19,166.15,166.19,2106
2020-10-19 09:16,166.245,166.29,166.21,166.21,2904
2020-10-19 09:17,166.16,166.16,166.08,166.11,3433
2020-10-19 09:18,166.07,166.1,166.06,166.0723,1206
2020-10-19 09:19,166.08,166.2,166.08,166.11,1899
2020-10-19 09:20,166.1495,166.17,166.13,166.1675,1415
2020-10-19 09:21,166.175,166.175,165.94,165.94,6014
2020-10-19 09:22,165.82,165.856,165.8,165.81,1562
2020-10-19 09:23,165.82,165.9,165.82,165.85,2431
2020-10-19 09:24,165.81,165.85,165.8,165.84,2538
2020-10-19 09:25,165.82,165.82,165.67,165.6866,16038
2020-10-19 09:26,165.695,165.695,165.615,165.65,4235
2020-10-19 09:27,165.65,165.6999,165.63,165.63,4851
2020-10-19 09:28,165.63,165.65,165.62,165.65,1660
2020-10-19 09:29,165.62,165.64,165.62,165.625,1463
2020-10-19 09:30,165.64,165.72,165.62,165.72,2767
2020-10-19 09:31,165.76,165.81,165.76,165.805,1615
2020-10-19 09:32,165.8,165.925,165.8,165.925,1231
2020-10-19 09:33,165.87,165.945,165.87,165.91,4299
2020-10-19 09:34,165.935,165.945,165.725,165.725,5299
2020-10-19 09:35,165.73,165.73,165.67,165.67,2031
2020-10-19 09:36,165.71,165.77,165.71,165.77,934
2020-10-19 09:37,165.78,165.8387,165.72,165.72,3034
2020-10-19 09:38,165.69,165.74,165.68,165.74,1469
2020-10-19 09:39,165.71,165.7797,165.71,165.7797,1754
2020-10-19 09:40,165.85,165.87,165.76,165.87,2316
2020-10-19 09:41,165.88,165.92,165.85,165.86,1859
2020-10-19 09:42,165.89,165.94,165.89,165.91,3037
2020-10-19 09:43,165.935,165.97,165.91,165.92,1854
2020-10-19 09:44,165.91,165.97,165.91,165.94,1874
2020-10-19 09:45,165.91,165.91,165.835,165.835,1813
2020-10-19 09:46,165.86,165.86,165.82,165.85,1162
2020-10-19 09:47,165.89,165.92,165.875,165.92,1219
2020-10-19 09:48,165.93,165.94,165.915,165.94,878
2020-10-19 09:49,165.91,165.9425,165.8905,165.8983,1725
2020-10-19 09:50,165.92,166,165.92,166,1591
2020-10-19 09:51,166,166.01,165.96,165.96,3167
2020-10-19 09:52,165.98,166.005,165.98,166.005,689
2020-10-19 09:53,166.03,166.11,166.02,166.02,1794
2020-10-19 09:54,166.02,166.02,166.02,166.02,545
2020-10-19 09:55,165.99,166.0343,165.96,165.97,3246
2020-10-19 09:56,165.9654,165.9882,165.9654,165.9882,4075
2020-10-19 09:57,166.005,166.03,165.9682,165.995,3701
2020-10-19 09:58,166.0031,166.04,165.96,166.04,1567
2020-10-19 09:59,166.1,166.1,166.07,166.07,672
2020-10-19 10:00,166.08,166.17,166.08,166.17,2308
2020-10-19 10:01,166.29,166.34,166.08,166.09,3668
2020-10-19 10:02,166.07,166.12,166.07,166.12,1242
2020-10-19 10:03,166.1211,166.18,166.1211,166.16,1516
2020-10-19 10:04,166.12,166.12,166.08,166.08,986
2020-10-19 10:05,165.99,166.05,165.99,166.015,1662
2020-10-19 10:06,166.02,166.03,166.02,166.03,490
2020-10-19 10:07,166.03,166.0499,166.005,166.02,1993
2020-10-19 10:08,166.03,166.16,166.01,166.11,4076
2020-10-19 10:09,166.14,166.16,166.061,166.061,2411
2020-10-19 10:10,166.06,166.06,166.01,166.06,2764
2020-10-19 10:11,166.035,166.035,166.01,166.01,829
2020-10-19 10:12,166.03,166.09,166.03,166.09,1982
2020-10-19 10:13,166.0708,166.105,166.0708,166.08,735
2020-10-19 10:14,166.14,166.17,166.14,166.1699,835
2020-10-19 10:15,166.17,166.17,166.14,166.15,1375
2020-10-19 10:16,166.155,166.18,166.12,166.15,1391
2020-10-19 10:17,166.14,166.14,166.1,166.12,2493
2020-10-19 10:18,166.1223,166.14,166.115,166.14,1519
2020-10-19 10:19,166.11,166.14,166.095,166.095,1565
2020-10-19 10:20,166.185,166.185,166.185,166.185,883
2020-10-19 10:21,166.14,166.1799,166.14,166.1799,807
2020-10-19 10:22,166.18,166.1888,166.066,166.066,4556
2020-10-19 10:23,166.08,166.13,166.08,166.0909,3251
2020-10-19 10:24,166.08,166.08,166.01,166.01,2688
2020-10-19 10:25,166.01,166.02,165.895,165.895,1769
2020-10-19 10:26,165.88,165.88,165.84,165.84,1031
2020-10-19 10:27,165.86,165.86,165.82,165.82,1974
2020-10-19 10:28,165.845,165.86,165.845,165.855,753
2020-10-19 10:29,165.855,165.925,165.855,165.925,2094
2020-10-19 10:30,165.93,165.93,165.88,165.88,2466
2020-10-19 10:31,165.9,165.91,165.89,165.91,1440
2020-10-19 10:32,165.91,165.91,165.73,165.73,1589
2020-10-19 10:33,165.735,165.76,165.735,165.76,1287
2020-10-19 10:34,165.72,165.72,165.635,165.6584,1497
2020-10-19 10:35,165.73,165.73,165.685,165.73,3094
2020-10-19 10:36,165.684,165.78,165.684,165.75,1526
2020-10-19 10:37,165.7724,165.81,165.7446,165.81,3050
2020-10-19 10:38,165.83,165.89,165.83,165.85,3144
2020-10-19 10:39,165.83,165.83,165.74,165.76,2776
2020-10-19 10:40,165.78,165.78,165.715,165.715,2826
2020-10-19 10:41,165.71,165.71,165.6,165.635,4607
2020-10-19 10:42,165.59,165.65,165.59,165.65,1432
2020-10-19 10:43,165.58,165.58,165.55,165.58,1680
2020-10-19 10:44,165.58,165.61,165.56,165.61,2715
2020-10-19 10:45,165.58,165.59,165.461,165.49,2778
2020-10-19 10:46,165.46,165.48,165.445,165.445,1802
2020-10-19 10:47,165.4037,165.4037,165.26,165.27,4855
2020-10-19 10:48,165.28,165.28,165.18,165.25,1428
2020-10-19 10:49,165.19,165.25,165.19,165.25,1304
2020-10-19 10:50,165.19,165.28,165.19,165.28,5613
2020-10-19 10:51,165.3269,165.3269,165.3,165.3,4108
2020-10-19 10:52,165.27,165.32,165.27,165.32,824
2020-10-19 10:53,165.3,165.32,165.2,165.26,4226
2020-10-19 10:54,165.29,165.29,165.29,165.29,536
2020-10-19 10:55,165.35,165.35,165.3,165.3,1749
2020-10-19 10:56,165.3,165.38,165.29,165.37,2249
2020-10-19 10:57,165.35,165.42,165.32,165.39,1429
2020-10-19 10:58,165.3799,165.385,165.32,165.36,3247
2020-10-19 10:59,165.34,165.38,165.311,165.315,3694
2020-10-19 11:00,165.26,165.305,165.25,165.305,1949
2020-10-19 11:01,165.28,165.28,165.18,165.21,2820
2020-10-19 11:02,165.18,165.18,165.14,165.17,1518
2020-10-19 11:03,165.17,165.28,165.17,165.25,2076
2020-10-19 11:04,165.22,165.22,165.18,165.21,1784
2020-10-19 11:05,165.2,165.2,165.13,165.19,3310
2020-10-19 11:06,165.22,165.26,165.22,165.26,1693
2020-10-19 11:07,165.255,165.31,165.255,165.28,1609
2020-10-19 11:08,165.28,165.35,165.28,165.3,1690
2020-10-19 11:09,165.26,165.26,165.2,165.235,1964
2020-10-19 11:10,165.225,165.255,165.21,165.25,2368
2020-10-19 11:11,165.27,165.29,165.22,165.29,2310
2020-10-19 11:12,165.28,165.35,165.28,165.35,1332
2020-10-19 11:13,165.38,165.44,165.38,165.44,835
2020-10-19 11:14,165.4259,165.495,165.4259,165.495,1265
2020-10-19 11:15,165.48,165.53,165.4725,165.4725,2485
2020-10-19 11:16,165.46,165.51,165.44,165.51,2412
2020-10-19 11:17,165.46,165.5,165.45,165.5,1116
2020-10-19 11:18,165.44,165.46,165.43,165.46,1908
2020-10-19 11:19,165.42,165.42,165.39,165.42,2351
2020-10-19 11:20,165.44,165.47,165.44,165.47,1512
2020-10-19 11:21,165.47,165.49,165.45,165.48,2262
2020-10-19 11:22,165.475,165.49,165.44,165.46,2223
2020-10-19 11:23,165.44,165.48,165.44,165.48,1795
2020-10-19 11:24,165.4404,165.51,165.4404,165.46,1768
2020-10-19 11:25,165.49,165.49,165.47,165.47,1945
2020-10-19 11:26,165.51,165.51,165.44,165.455,1892
2020-10-19 11:27,165.43,165.44,165.4,165.41,2510
2020-10-19 11:28,165.4259,165.48,165.425,165.48,1139
2020-10-19 11:29,165.48,165.53,165.47,165.48,2448
2020-10-19 11:30,165.47,165.47,165.37,165.41,2325
2020-10-19 11:31,165.425,165.43,165.38,165.38,1193
2020-10-19 11:32,165.34,165.36,165.33,165.36,1618
2020-10-19 11:33,165.25,165.25,165.11,165.21,5453
2020-10-19 11:34,165.23,165.25,165.02,165.08,9489
2020-10-19 11:35,165.07,165.1126,165.07,165.1126,1318
2020-10-19 11:36,165.085,165.13,165.07,165.12,3306
2020-10-19 11:37,165.12,165.12,165.02,165.07,3708
2020-10-19 11:38,165.03,165.06,165.01,165.05,2571
2020-10-19 11:39,165.0182,165.05,165.01,165.035,5879
2020-10-19 11:40,165.05,165.08,165.05,165.05,9532
2020-10-19 11:41,165.03,165.05,164.93,164.99,8872
2020-10-19 11:42,165.02,165.1,164.995,165,2771
2020-10-19 11:43,165.02,165.02,164.98,164.98,55865
2020-10-19 11:44,164.97,164.985,164.82,164.861,11603
2020-10-19 11:45,164.86,164.86,164.625,164.66,4708
2020-10-19 11:46,164.72,164.73,164.685,164.685,3784
2020-10-19 11:47,164.71,164.735,164.675,164.69,1645
2020-10-19 11:48,164.685,164.685,164.55,164.55,2472
2020-10-19 11:49,164.6,164.65,164.58,164.58,3653
2020-10-19 11:50,164.58,164.58,164.44,164.51,5453
2020-10-19 11:51,164.51,164.51,164.47,164.47,1250
2020-10-19 11:52,164.44,164.55,164.44,164.49,2687
2020-10-19 11:53,164.46,164.46,164.3,164.3782,2415
2020-10-19 11:54,164.35,164.44,164.29,164.44,2207
2020-10-19 11:55,164.45,164.54,164.39,164.54,2282
2020-10-19 11:56,164.545,164.63,164.5225,164.6,2677
2020-10-19 11:57,164.63,164.63,164.54,164.55,2680
2020-10-19 11:58,164.6,164.6,164.41,164.41,3889
2020-10-19 11:59,164.37,164.41,164.33,164.38,2163
2020-10-19 12:00,164.39,164.41,164.26,164.32,3634
2020-10-19 12:01,164.324,164.33,164.1,164.1,2696
2020-10-19 12:02,164.11,164.17,163.945,164.01,8878
2020-10-19 12:03,164.02,164.15,164.02,164.11,2016
2020-10-19 12:04,164.09,164.14,164.0561,164.105,2656
2020-10-19 12:05,164.08,164.08,163.95,164,6313
2020-10-19 12:06,163.94,164,163.8838,163.95,6173
2020-10-19 12:07,163.945,164.03,163.9201,163.9817,3310
2020-10-19 12:08,163.93,163.97,163.87,163.95,4716
2020-10-19 12:09,163.985,164.02,163.89,164,7585
2020-10-19 12:10,164,164.03,163.91,164.01,7798
2020-10-19 12:11,164,164.05,163.97,164.02,3913
2020-10-19 12:12,164.03,164.155,164.03,164.11,2207
2020-10-19 12:13,164.08,164.27,164.08,164.26,2747
2020-10-19 12:14,164.28,164.4221,164.28,164.38,2730
2020-10-19 12:15,164.35,164.38,164.21,164.225,2820
2020-10-19 12:16,164.24,164.24,164.11,164.15,4065
2020-10-19 12:17,164.15,164.28,164.15,164.18,3264
2020-10-19 12:18,164.2307,164.2307,164.04,164.04,4321
2020-10-19 12:19,164.03,164.2,164.01,164.16,5664
2020-10-19 12:20,164.13,164.19,164.095,164.19,3428
2020-10-19 12:21,164.17,164.19,164.12,164.16,1725
2020-10-19 12:22,164.15,164.15,164.03,164.045,4229
2020-10-19 12:23,164.06,164.07,164.04,164.04,2293
2020-10-19 12:24,164.04,164.04,163.945,163.945,4172
2020-10-19 12:25,163.965,164.03,163.945,163.98,2922
2020-10-19 12:26,163.97,164.09,163.93,164.09,4915
2020-10-19 12:27,164.14,164.14,164.0998,164.14,2339
2020-10-19 12:28,164.1,164.35,164.09,164.34,4479
2020-10-19 12:29,164.36,164.44,164.31,164.44,2956
2020-10-19 12:30,164.43,164.54,164.4,164.54,5155
2020-10-19 12:31,164.52,164.75,164.49,164.655,7535
2020-10-19 12:32,164.63,164.66,164.61,164.66,2986
2020-10-19 12:33,164.64,164.73,164.64,164.73,3145
2020-10-19 12:34,164.68,164.7,164.58,164.58,4060
2020-10-19 12:35,164.55,164.69,164.55,164.61,4150
2020-10-19 12:36,164.58,164.69,164.58,164.67,3301
2020-10-19 12:37,164.665,164.77,164.66,164.695,8419
2020-10-19 12:38,164.66,164.82,164.66,164.82,3301
2020-10-19 12:39,164.83,164.95,164.8001,164.851,8800
2020-10-19 12:40,164.82,164.85,164.61,164.62,8192
2020-10-19 12:41,164.66,164.7,164.64,164.64,3875
2020-10-19 12:42,164.66,164.69,164.55,164.5897,3591
2020-10-19 12:43,164.5664,164.69,164.54,164.54,6363
2020-10-19 12:44,164.5,164.51,164.36,164.36,4136
2020-10-19 12:45,164.41,164.5701,164.39,164.52,5021
2020-10-19 12:46,164.59,164.65,164.56,164.62,5100
2020-10-19 12:47,164.62,164.65,164.51,164.51,7104
2020-10-19 12:48,164.525,164.64,164.525,164.57,6995
2020-10-19 12:49,164.54,164.58,164.42,164.52,8917
2020-10-19 12:50,164.48,164.49,164.185,164.19,12293
2020-10-19 12:51,164.19,164.24,163.98,164.06,11746
2020-10-19 12:52,164.055,164.09,163.975,164,8820
2020-10-19 12:53,164.017,164.06,163.94,163.97,12187
2020-10-19 12:54,163.96,164.02,163.82,163.85,9000
2020-10-19 12:55,163.88,164.04,163.87,163.95,13871
2020-10-19 12:56,163.96,164.06,163.93,164.02,14583
2020-10-19 12:57,163.99,164.29,163.99,164.24,16126
2020-10-19 12:58,164.24,164.37,164.24,164.34,15331
2020-10-19 12:59,164.33,164.45,163.97,164.07,122508
2020-10-20 06:32,164.95,165.07,164.5,164.755,78716
2020-10-20 06:33,164.775,164.88,164.6401,164.78,4578
2020-10-20 06:34,164.66,164.6999,164.34,164.34,3942
2020-10-20 06:35,164.39,164.515,163.96,164.0991,19755
2020-10-20 06:36,164.06,164.17,163.816,163.816,9756
2020-10-20 06:37,163.865,164.18,163.86,164.18,2126
2020-10-20 06:38,164.21,164.47,164.21,164.38,6822
2020-10-20 06:39,164.39,164.57,164.16,164.355,11462
2020-10-20 06:40,164.35,164.39,164.18,164.27,5843
2020-10-20 06:41,164.16,164.38,164.16,164.375,1487
2020-10-20 06:42,164.51,164.63,164.45,164.45,3285
2020-10-20 06:43,164.495,164.495,164.48,164.48,829
2020-10-20 06:44,164.48,164.55,164.43,164.51,3927
2020-10-20 06:45,164.56,164.59,164.39,164.39,5480
2020-10-20 06:46,164.38,164.64,164.36,164.559,4524
2020-10-20 06:47,164.65,164.805,164.57,164.795,11122
2020-10-20 06:48,164.75,164.86,164.65,164.76,11254
2020-10-20 06:49,164.7833,164.7833,164.7406,164.746,1399
2020-10-20 06:50,164.71,164.71,164.28,164.325,15612
2020-10-20 06:51,164.34,164.34,164.13,164.13,4603
2020-10-20 06:52,164.09,164.34,164.02,164.335,4071
2020-10-20 06:53,164.335,164.34,164.33,164.34,1164
2020-10-20 06:54,164.34,164.67,164.33,164.67,4118
2020-10-20 06:55,164.565,164.74,164.565,164.74,1255
2020-10-20 06:56,164.75,164.75,164.5876,164.67,3036
2020-10-20 06:57,164.65,164.65,164.65,164.65,353
2020-10-20 06:58,164.68,164.93,164.68,164.89,4478
2020-10-20 06:59,164.93,165.03,164.925,165.03,2494
2020-10-20 07:00,165.06,165.2199,164.95,165.2,6924
2020-10-20 07:01,165.12,165.32,165.12,165.17,12650
2020-10-20 07:02,165.13,165.48,165.12,165.43,10120
2020-10-20 07:03,165.4615,165.49,165.32,165.32,4399
2020-10-20 07:04,165.3,165.3,165.2,165.21,3434
2020-10-20 07:05,165.23,165.25,165.16,165.16,1968
2020-10-20 07:06,165.18,165.4132,165.18,165.33,4554
2020-10-20 07:07,165.29,165.43,165.28,165.285,3092
2020-10-20 07:08,165.26,165.32,165.17,165.21,2528
2020-10-20 07:09,165.19,165.19,165.08,165.18,3405
2020-10-20 07:10,165.18,165.27,165.1775,165.27,1840
2020-10-20 07:11,165.27,165.35,165.27,165.295,1624
2020-10-20 07:12,165.27,165.38,165.25,165.32,4282
2020-10-20 07:13,165.315,165.355,165.25,165.265,4819
2020-10-20 07:14,165.26,165.269,165.26,165.26,1474
2020-10-20 07:15,165.3,165.31,165.26,165.28,3222
2020-10-20 07:16,165.29,165.5,165.29,165.5,2018
2020-10-20 07:17,165.55,165.65,165.5206,165.6412,2958
2020-10-20 07:18,165.63,165.93,165.58,165.905,10123
2020-10-20 07:19,165.85,165.875,165.7,165.74,12293
2020-10-20 07:20,165.74,165.75,165.63,165.63,4020
2020-10-20 07:21,165.65,165.65,165.45,165.45,2825
2020-10-20 07:22,165.45,165.45,165.2,165.2,3247
2020-10-20 07:23,165.23,165.43,165.2,165.43,6657
2020-10-20 07:24,165.39,165.49,165.37,165.42,2280
2020-10-20 07:25,165.42,165.5199,165.4,165.48,4911
2020-10-20 07:26,165.457,165.485,165.32,165.39,3538
2020-10-20 07:27,165.39,165.39,165.2843,165.2843,1444
2020-10-20 07:28,165.35,165.43,165.35,165.43,1871
2020-10-20 07:29,165.42,165.44,165.35,165.3614,3210
2020-10-20 07:30,165.36,165.575,165.36,165.575,2283
2020-10-20 07:31,165.53,165.53,165.39,165.4075,5364
2020-10-20 07:32,165.38,165.47,165.38,165.47,2195
2020-10-20 07:33,165.52,165.7,165.5,165.7,2547
2020-10-20 07:34,165.65,165.7,165.58,165.58,2297
2020-10-20 07:35,165.585,165.6,165.55,165.59,1935
2020-10-20 07:36,165.62,165.62,165.59,165.59,1158
2020-10-20 07:37,165.6499,165.68,165.57,165.57,15307
2020-10-20 07:38,165.61,165.6699,165.6,165.66,3146
2020-10-20 07:39,165.69,165.83,165.69,165.8,2736
2020-10-20 07:40,165.8,165.91,165.8,165.81,2429
2020-10-20 07:41,165.8084,165.839,165.8,165.82,815
2020-10-20 07:42,165.81,165.86,165.65,165.6899,2795
2020-10-20 07:43,165.6,165.65,165.5612,165.57,1560
2020-10-20 07:44,165.63,165.75,165.63,165.75,1214
2020-10-20 07:45,165.71,165.87,165.71,165.84,9140
2020-10-20 07:46,165.855,165.87,165.76,165.76,3635
2020-10-20 07:47,165.73,165.73,165.6938,165.6938,800
2020-10-20 07:48,165.64,165.64,165.47,165.5,3101
2020-10-20 07:49,165.59,165.68,165.52,165.63,1144
2020-10-20 07:50,165.6,165.759,165.6,165.73,1237
2020-10-20 07:51,165.7599,165.7599,165.69,165.7199,2093
2020-10-20 07:52,165.7164,165.7164,165.58,165.62,2521
2020-10-20 07:53,165.61,165.71,165.61,165.71,2135
2020-10-20 07:54,165.74,165.74,165.58,165.6811,1984
2020-10-20 07:55,165.69,165.69,165.57,165.57,2609
2020-10-20 07:56,165.5259,165.6475,165.5259,165.6475,1678
2020-10-20 07:57,165.59,165.6071,165.52,165.52,1519
2020-10-20 07:58,165.55,165.565,165.53,165.53,2248
2020-10-20 07:59,165.53,165.53,165.15,165.15,7797
2020-10-20 08:00,165.24,165.33,165.11,165.11,5593
2020-10-20 08:01,165.12,165.12,164.85,165.06,4315
2020-10-20 08:02,165.02,165.05,164.915,164.97,1966
2020-10-20 08:03,164.978,165.08,164.978,165.02,3917
2020-10-20 08:04,165.02,165.02,164.87,165.005,3953
2020-10-20 08:05,164.99,165.01,164.96,164.98,1103
2020-10-20 08:06,165.02,165.13,165.02,165.13,1606
2020-10-20 08:07,165.14,165.23,165.14,165.23,2402
2020-10-20 08:08,165.17,165.17,165.15,165.15,1155
2020-10-20 08:09,165.18,165.32,165.18,165.28,2554
2020-10-20 08:10,165.27,165.4639,165.2201,165.4639,4160
2020-10-20 08:11,165.45,165.5,165.43,165.4589,3076
2020-10-20 08:12,165.38,165.39,165.31,165.31,2492
2020-10-20 08:13,165.2919,165.33,165.225,165.245,4831
2020-10-20 08:14,165.27,165.39,165.27,165.39,943
2020-10-20 08:15,165.43,165.51,165.43,165.51,1631
2020-10-20 08:16,165.49,165.53,165.49,165.51,2786
2020-10-20 08:17,165.505,165.53,165.44,165.44,3453
2020-10-20 08:18,165.41,165.45,165.39,165.45,3299
2020-10-20 08:19,165.4415,165.55,165.4415,165.53,2597
2020-10-20 08:20,165.51,165.53,165.4422,165.4422,2045
2020-10-20 08:21,165.445,165.48,165.435,165.451,2553
2020-10-20 08:22,165.45,165.57,165.4306,165.57,3648
2020-10-20 08:23,165.59,165.72,165.57,165.69,1986
2020-10-20 08:24,165.74,165.77,165.68,165.68,3198
2020-10-20 08:25,165.68,165.77,165.68,165.76,1806
2020-10-20 08:26,165.755,165.82,165.755,165.805,1679
2020-10-20 08:27,165.85,165.86,165.71,165.72,3935
2020-10-20 08:28,165.73,165.74,165.6563,165.69,6285
2020-10-20 08:29,165.7211,165.77,165.67,165.69,2652
2020-10-20 08:30,165.67,165.71,165.58,165.61,5837
2020-10-20 08:31,165.62,165.62,165.54,165.595,2871
2020-10-20 08:32,165.595,165.72,165.595,165.62,7656
2020-10-20 08:33,165.63,165.694,165.63,165.694,603
2020-10-20 08:34,165.71,165.75,165.5,165.5,3382
2020-10-20 08:35,165.545,165.68,165.5001,165.68,2519
2020-10-20 08:36,165.69,165.795,165.64,165.75,5502
2020-10-20 08:37,165.77,165.818,165.77,165.78,905
2020-10-20 08:38,165.82,165.82,165.75,165.78,2335
2020-10-20 08:39,165.76,165.82,165.73,165.82,2617
2020-10-20 08:40,165.8406,165.87,165.805,165.805,2597
2020-10-20 08:41,165.85,165.89,165.83,165.89,2920
2020-10-20 08:42,165.9,165.91,165.84,165.91,2374
2020-10-20 08:43,165.9538,166.07,165.945,166.005,10320
2020-10-20 08:44,166.05,166.143,166.05,166.1,6126
2020-10-20 08:45,166.0729,166.1,166.04,166.04,3982
2020-10-20 08:46,166.02,166.1123,165.99,166.1,3924
2020-10-20 08:47,166.12,166.22,166.09,166.1772,6492
2020-10-20 08:48,166.14,166.2,166.08,166.1247,3625
2020-10-20 08:49,166.1,166.38,166.1,166.32,5430
2020-10-20 08:50,166.34,166.37,166.258,166.27,3233
2020-10-20 08:51,166.25,166.28,166.2,166.23,5641
2020-10-20 08:52,166.22,166.29,166.18,166.28,3745
2020-10-20 08:53,166.28,166.3148,166.27,166.28,2775
2020-10-20 08:54,166.2917,166.4,166.27,166.34,4554
2020-10-20 08:55,166.35,166.4,166.3075,166.4,4191
2020-10-20 08:56,166.38,166.41,166.34,166.36,4738
2020-10-20 08:57,166.34,166.35,166.19,166.29,2451
2020-10-20 08:58,166.3034,166.3034,166.25,166.25,4576
2020-10-20 08:59,166.205,166.315,166.205,166.3,2041
2020-10-20 09:00,166.325,166.335,166.29,166.335,2251
2020-10-20 09:01,166.33,166.35,166.29,166.29,4670
2020-10-20 09:02,166.33,166.35,166.3,166.335,5730
2020-10-20 09:03,166.39,166.41,166.3513,166.3513,1981
2020-10-20 09:04,166.31,166.38,166.31,166.38,1828
2020-10-20 09:05,166.45,166.47,166.42,166.45,3754
2020-10-20 09:06,166.46,166.46,166.37,166.37,3322
2020-10-20 09:07,166.31,166.32,166.2,166.2,5435
2020-10-20 09:08,166.2225,166.24,166.17,166.175,1678
2020-10-20 09:09,166.15,166.15,166.04,166.05,2187
2020-10-20 09:10,166.065,166.11,166.065,166.11,1379
2020-10-20 09:11,166.14,166.14,166.14,166.14,1313
2020-10-20 09:12,166.0995,166.12,166.0995,166.11,719
2020-10-20 09:13,166.13,166.22,166.11,166.22,2144
2020-10-20 09:14,166.18,166.18,166.16,166.16,1662
2020-10-20 09:15,166.19,166.2345,166.19,166.2345,1382
2020-10-20 09:16,166.2,166.21,166.16,166.18,3938
2020-10-20 09:17,166.22,166.33,166.22,166.33,2616
2020-10-20 09:18,166.37,166.372,166.33,166.3573,2980
2020-10-20 09:19,166.3508,166.375,166.35,166.355,2511
2020-10-20 09:20,166.34,166.38,166.305,166.36,2808
2020-10-20 09:21,166.345,166.4,166.345,166.4,1824
2020-10-20 09:22,166.37,166.37,166.345,166.345,1471
2020-10-20 09:23,166.4,166.46,166.4,166.44,2171
2020-10-20 09:24,166.44,166.5,166.44,166.47,9523
2020-10-20 09:25,166.46,166.5,166.44,166.49,6464
2020-10-20 09:26,166.48,166.55,166.47,166.55,1981
2020-10-20 09:27,166.52,166.54,166.5,166.5199,5252
2020-10-20 09:28,166.505,166.59,166.5,166.585,2475
2020-10-20 09:29,166.58,166.6,166.55,166.57,7105
2020-10-20 09:30,166.58,166.58,166.48,166.5,10631
2020-10-20 09:31,166.51,166.53,166.46,166.48,6518
2020-10-20 09:32,166.51,166.51,166.38,166.4813,5636
2020-10-20 09:33,166.49,166.77,166.49,166.728,7195
2020-10-20 09:34,166.77,166.96,166.74,166.89,6123
2020-10-20 09:35,166.915,167.045,166.8201,166.92,14586
2020-10-20 09:36,166.9,166.9,166.75,166.75,7833
2020-10-20 09:37,166.75,166.8,166.73,166.7802,15376
2020-10-20 09:38,166.79,166.8,166.652,166.652,1992
2020-10-20 09:39,166.74,166.75,166.725,166.725,1420
2020-10-20 09:40,166.67,166.68,166.5301,166.61,5012
2020-10-20 09:41,166.58,166.59,166.5437,166.5437,2647
2020-10-20 09:42,166.58,166.6668,166.58,166.64,2159
2020-10-20 09:43,166.695,166.695,166.64,166.68,3065
2020-10-20 09:44,166.66,166.72,166.6378,166.67,2963
2020-10-20 09:45,166.68,166.71,166.67,166.69,3034
2020-10-20 09:46,166.675,166.675,166.59,166.62,7916
2020-10-20 09:47,166.63,166.64,166.54,166.56,6602
2020-10-20 09:48,166.54,166.605,166.54,166.6,2724
2020-10-20 09:49,166.57,166.65,166.57,166.61,5965
2020-10-20 09:50,166.6,166.6299,166.52,166.52,3191
2020-10-20 09:51,166.495,166.61,166.495,166.61,3944
2020-10-20 09:52,166.61,166.7032,166.55,166.68,4467
2020-10-20 09:53,166.66,166.69,166.53,166.56,8076
2020-10-20 09:54,166.52,166.58,166.48,166.56,3903
2020-10-20 09:55,166.55,166.55,166.47,166.485,2205
2020-10-20 09:56,166.5,166.5284,166.45,166.45,2762
2020-10-20 09:57,166.46,166.48,166.45,166.45,3871
2020-10-20 09:58,166.46,166.49,166.4477,166.4477,2473
2020-10-20 09:59,166.45,166.55,166.45,166.55,1726
2020-10-20 10:00,166.625,166.65,166.58,166.64,2169
2020-10-20 10:01,166.63,166.69,166.61,166.66,6203
2020-10-20 10:02,166.68,166.7644,166.68,166.7644,4817
2020-10-20 10:03,166.7819,166.7819,166.75,166.76,2646
2020-10-20 10:04,166.76,166.8215,166.74,166.8,5578
2020-10-20 10:05,166.79,166.79,166.75,166.77,2435
2020-10-20 10:06,166.788,166.9215,166.788,166.9215,3616
2020-10-20 10:07,166.9,166.95,166.78,166.92,13111
2020-10-20 10:08,166.924,166.924,166.75,166.75,5146
2020-10-20 10:09,166.75,166.79,166.75,166.79,921
2020-10-20 10:10,166.77,166.785,166.75,166.76,2066
2020-10-20 10:11,166.75,166.84,166.72,166.815,50062
2020-10-20 10:12,166.8,166.9099,166.77,166.86,4689
2020-10-20 10:13,166.88,166.99,166.81,166.98,4882
2020-10-20 10:14,166.99,167.01,166.915,166.915,2628
2020-10-20 10:15,166.94,166.94,166.87,166.87,2418
2020-10-20 10:16,166.91,166.93,166.88,166.92,2693
2020-10-20 10:17,166.97,166.97,166.89,166.89,2296
2020-10-20 10:18,166.87,166.87,166.7689,166.7812,3959
2020-10-20 10:19,166.78,166.8316,166.78,166.8299,4269
2020-10-20 10:20,166.78,166.98,166.7283,166.98,6563
2020-10-20 10:21,166.97,167.03,166.95,166.978,6612
2020-10-20 10:22,167.01,167.035,167,167.015,2906
2020-10-20 10:23,167,167.15,167,167.095,15680
2020-10-20 10:24,167.1099,167.22,167.1099,167.215,3252
2020-10-20 10:25,167.248,167.32,167.14,167.14,11449
2020-10-20 10:26,167.13,167.16,167.13,167.16,1383
2020-10-20 10:27,167.15,167.21,167.11,167.18,5243
2020-10-20 10:28,167.22,167.2898,167.22,167.2722,3609
2020-10-20 10:29,167.26,167.31,167.25,167.3,4455
2020-10-20 10:30,167.28,167.3,167.275,167.29,3923
2020-10-20 10:31,167.3,167.3,167.22,167.28,12424
2020-10-20 10:32,167.29,167.29,167.27,167.275,2815
2020-10-20 10:33,167.25,167.25,167.06,167.1,3339
2020-10-20 10:34,167.17,167.21,167.1683,167.2,3227
2020-10-20 10:35,167.18,167.22,167.17,167.22,1940
2020-10-20 10:36,167.24,167.32,167.12,167.12,6781
2020-10-20 10:37,167.0935,167.14,167.08,167.12,9100
2020-10-20 10:38,167.12,167.1323,167.07,167.11,4516
2020-10-20 10:39,167.0827,167.1599,167.075,167.1456,4309
2020-10-20 10:40,167.13,167.18,167.1,167.1,8411
2020-10-20 10:41,167.12,167.2,167.12,167.18,2376
2020-10-20 10:42,167.2,167.2,167.15,167.1507,2461
2020-10-20 10:43,167.15,167.17,167.15,167.16,1229
2020-10-20 10:44,167.19,167.19,167.1,167.11,4017
2020-10-20 10:45,167.1101,167.21,167.09,167.21,2977
2020-10-20 10:46,167.185,167.195,167.17,167.18,2940
2020-10-20 10:47,167.17,167.2,167.14,167.14,2638
2020-10-20 10:48,167.17,167.21,167.11,167.21,4664
2020-10-20 10:49,167.289,167.289,167.14,167.19,3491
2020-10-20 10:50,167.143,167.143,167.1,167.12,1808
2020-10-20 10:51,167.11,167.14,167.1,167.1,1236
2020-10-20 10:52,167.084,167.084,167.02,167.02,2739
2020-10-20 10:53,167.03,167.05,167.02,167.04,3061
2020-10-20 10:54,167.04,167.05,167.02,167.02,3344
2020-10-20 10:55,167.02,167.059,167.02,167.04,2316
2020-10-20 10:56,167.055,167.078,167,167,6997
2020-10-20 10:57,166.995,166.995,166.805,166.83,21405
2020-10-20 10:58,166.79,166.82,166.73,166.73,4771
2020-10-20 10:59,166.78,166.8,166.76,166.8,2370
2020-10-20 11:00,166.815,166.84,166.8,166.82,2617
2020-10-20 11:01,166.84,166.91,166.84,166.91,4453
2020-10-20 11:02,166.9,166.99,166.88,166.975,3992
2020-10-20 11:03,166.98,167.02,166.975,167.02,2679
2020-10-20 11:04,166.99,167.02,166.975,166.985,4002
2020-10-20 11:05,167,167.04,166.96,166.96,4364
2020-10-20 11:06,166.91,166.91,166.755,166.835,8124
2020-10-20 11:07,166.86,166.902,166.86,166.902,1250
2020-10-20 11:08,166.92,166.995,166.92,166.98,2345
2020-10-20 11:09,166.94,167.01,166.91,166.91,2986
2020-10-20 11:10,166.905,166.94,166.905,166.94,3412
2020-10-20 11:11,167,167.26,166.99,167.26,12908
2020-10-20 11:12,167.26,167.3,167.25,167.27,6075
2020-10-20 11:13,167.2804,167.355,167.2804,167.35,5217
2020-10-20 11:14,167.33,167.38,167.31,167.38,6739
2020-10-20 11:15,167.365,167.3651,167.32,167.33,5291
2020-10-20 11:16,167.33,167.3743,167.3,167.37,9587
2020-10-20 11:17,167.389,167.41,167.37,167.37,11265
2020-10-20 11:18,167.36,167.39,167.33,167.35,3686
2020-10-20 11:19,167.35,167.36,167.3,167.35,4879
2020-10-20 11:20,167.35,167.42,167.215,167.3,17223
2020-10-20 11:21,167.28,167.38,167.27,167.335,4049
2020-10-20 11:22,167.345,167.42,167.28,167.37,16215
2020-10-20 11:23,167.33,167.38,167.3,167.375,4049
2020-10-20 11:24,167.36,167.36,167.3,167.3,11326
2020-10-20 11:25,167.32,167.38,167.3101,167.36,2594
2020-10-20 11:26,167.32,167.38,167.3141,167.35,2617
2020-10-20 11:27,167.35,167.355,167.27,167.29,5331
2020-10-20 11:28,167.29,167.31,167.27,167.295,2133
2020-10-20 11:29,167.295,167.31,167.125,167.125,4481
2020-10-20 11:30,167.15,167.2699,167.15,167.2699,2190
2020-10-20 11:31,167.23,167.23,167.05,167.05,5594
2020-10-20 11:32,167.02,167.02,166.83,166.91,22181
2020-10-20 11:33,166.9185,166.94,166.88,166.88,6966
2020-10-20 11:34,166.9,166.93,166.88,166.91,2595
2020-10-20 11:35,166.86,166.86,166.6701,166.76,6596
2020-10-20 11:36,166.76,166.76,166.66,166.7193,3626
2020-10-20 11:37,166.72,166.8,166.62,166.62,7424
2020-10-20 11:38,166.6172,166.66,166.6172,166.63,3797
2020-10-20 11:39,166.56,166.65,166.52,166.65,3428
2020-10-20 11:40,166.67,166.75,166.63,166.72,12219
2020-10-20 11:41,166.69,166.69,166.6,166.65,2246
2020-10-20 11:42,166.66,166.66,166.53,166.6279,4862
2020-10-20 11:43,166.63,166.69,166.6199,166.69,1358
2020-10-20 11:44,166.7,166.7,166.629,166.655,3780
2020-10-20 11:45,166.69,166.69,166.63,166.635,1991
2020-10-20 11:46,166.6363,166.649,166.46,166.5,4070
2020-10-20 11:47,166.49,166.56,166.35,166.35,6881
2020-10-20 11:48,166.43,166.46,166.41,166.46,2708
2020-10-20 11:49,166.436,166.44,166.36,166.42,3356
2020-10-20 11:50,166.4,166.4,166.28,166.28,3259
2020-10-20 11:51,166.29,166.34,166.24,166.34,4141
2020-10-20 11:52,166.33,166.37,166.31,166.32,2975
2020-10-20 11:53,166.3,166.31,166.28,166.28,4170
2020-10-20 11:54,166.3,166.31,166.17,166.17,5132
2020-10-20 11:55,166.22,166.24,166.165,166.2,4375
2020-10-20 11:56,166.22,166.24,166.11,166.23,9779
2020-10-20 11:57,166.25,166.3,166.22,166.3,3638
2020-10-20 11:58,166.33,166.33,166.21,166.23,2231
2020-10-20 11:59,166.19,166.24,166.09,166.1,3550
2020-10-20 12:00,166.1,166.23,166.1,166.18,5632
2020-10-20 12:01,166.21,166.29,166.19,166.29,2387
2020-10-20 12:02,166.289,166.29,166.2,166.23,3224
2020-10-20 12:03,166.22,166.25,166.1259,166.17,5554
2020-10-20 12:04,166.2,166.24,166.2,166.23,3428
2020-10-20 12:05,166.23,166.23,166.1,166.1,6466
2020-10-20 12:06,166.0861,166.09,165.71,165.77,25242
2020-10-20 12:07,165.81,165.81,165.75,165.8,5478
2020-10-20 12:08,165.81,165.81,165.69,165.7548,4821
2020-10-20 12:09,165.72,165.72,165.34,165.39,9903
2020-10-20 12:10,165.36,165.39,164.97,165.38,15946
2020-10-20 12:11,165.34,165.45,165.25,165.34,11250
2020-10-20 12:12,165.35,165.44,165.27,165.39,8587
2020-10-20 12:13,165.35,165.36,165.31,165.315,4902
2020-10-20 12:14,165.3073,165.38,165.29,165.3675,4913
2020-10-20 12:15,165.26,165.32,165.12,165.32,6957
2020-10-20 12:16,165.35,165.4399,165.34,165.39,2759
2020-10-20 12:17,165.39,165.39,165.07,165.24,14145
2020-10-20 12:18,165.24,165.34,165.23,165.34,3465
2020-10-20 12:19,165.3926,165.63,165.3926,165.53,6553
2020-10-20 12:20,165.52,165.54,165.4,165.4,9471
2020-10-20 12:21,165.4,165.5,165.37,165.37,2261
2020-10-20 12:22,165.39,165.45,165.37,165.41,3049
2020-10-20 12:23,165.43,165.57,165.425,165.564,2443
2020-10-20 12:24,165.61,165.64,165.56,165.61,3813
2020-10-20 12:25,165.56,165.59,165.49,165.59,3001
2020-10-20 12:26,165.58,165.62,165.48,165.62,3524
2020-10-20 12:27,165.64,165.64,165.58,165.62,3066
2020-10-20 12:28,165.63,165.7,165.6,165.66,5519
2020-10-20 12:29,165.63,165.76,165.63,165.76,1380
2020-10-20 12:30,165.75,165.75,165.63,165.651,4634
2020-10-20 12:31,165.68,165.68,165.6,165.67,3522
2020-10-20 12:32,165.64,165.6498,165.51,165.51,5552
2020-10-20 12:33,165.48,165.48,165.3,165.3,5536
2020-10-20 12:34,165.28,165.525,165.28,165.42,6717
2020-10-20 12:35,165.46,165.46,165.22,165.23,7236
2020-10-20 12:36,165.24,165.26,165.18,165.23,8803
2020-10-20 12:37,165.26,165.28,165.19,165.2791,3583
2020-10-20 12:38,165.2879,165.36,165.22,165.23,5632
2020-10-20 12:39,165.22,165.37,165.194,165.37,5553
2020-10-20 12:40,165.44,165.75,165.42,165.75,5817
2020-10-20 12:41,165.75,165.7899,165.73,165.7899,4192
2020-10-20 12:42,165.7,165.76,165.6382,165.76,4970
2020-10-20 12:43,165.82,165.9,165.8,165.81,7457
2020-10-20 12:44,165.795,165.97,165.795,165.8,4980
2020-10-20 12:45,165.77,165.77,165.63,165.73,8160
2020-10-20 12:46,165.73,165.8,165.705,165.705,4309
2020-10-20 12:47,165.69,165.69,165.53,165.6499,9797
2020-10-20 12:48,165.65,165.65,165.53,165.53,7663
2020-10-20 12:49,165.51,165.62,165.37,165.41,5251
2020-10-20 12:50,165.34,165.55,165.16,165.27,13811
2020-10-20 12:51,165.32,165.3599,165.23,165.23,10321
2020-10-20 12:52,165.21,165.213,165.12,165.21,10682
2020-10-20 12:53,165.18,165.34,165.09,165.26,13273
2020-10-20 12:54,165.33,165.42,165.19,165.19,12846
2020-10-20 12:55,165.18,165.22,165.03,165.1,14543
2020-10-20 12:56,165.06,165.225,165,165.19,24588
2020-10-20 12:57,165.17,165.32,165.17,165.3,26165
2020-10-20 12:58,165.29,165.34,165.245,165.28,22187
2020-10-20 12:59,165.3,165.33,164.89,164.89,88347
2020-10-21 06:30,165.75,165.75,165.75,165.75,137
2020-10-21 06:31,165.93,166.01,165.12,165.38,1379
2020-10-21 06:33,165.91,166.01,165.55,165.565,76378
2020-10-21 06:34,165.565,165.89,165.45,165.71,10785
2020-10-21 06:35,165.685,165.99,165.685,165.72,12039
2020-10-21 06:36,165.75,165.75,165.4,165.445,7133
2020-10-21 06:37,165.58,165.7499,165.58,165.64,3012
2020-10-21 06:38,165.645,165.77,165.39,165.41,2426
2020-10-21 06:39,165.4674,165.61,165.24,165.61,7370
2020-10-21 06:40,165.63,165.93,165.6,165.92,6941
2020-10-21 06:41,165.93,166,165.8701,165.92,3760
2020-10-21 06:42,165.95,166,165.75,165.83,8031
2020-10-21 06:43,165.78,165.955,165.76,165.8634,3095
2020-10-21 06:44,165.89,166,165.88,165.89,11675
2020-10-21 06:45,165.94,166,165.84,165.875,3793
2020-10-21 06:46,165.89,166,165.83,165.84,7303
2020-10-21 06:47,165.84,165.84,165.83,165.83,805
2020-10-21 06:48,165.85,166.03,165.81,165.81,21216
2020-10-21 06:49,165.81,165.85,165.65,165.76,4749
2020-10-21 06:50,165.8,165.92,165.6,165.6,12162
2020-10-21 06:51,165.63,165.74,165.61,165.61,3631
2020-10-21 06:52,165.66,165.8804,165.66,165.8804,4757
2020-10-21 06:53,165.93,166,165.797,165.82,5670
2020-10-21 06:54,165.78,165.94,165.78,165.94,1815
2020-10-21 06:55,165.94,165.94,165.82,165.89,5348
2020-10-21 06:56,165.89,165.92,165.82,165.82,1960
2020-10-21 06:57,165.85,165.95,165.68,165.68,4210
2020-10-21 06:58,165.72,165.86,165.72,165.8,4924
2020-10-21 06:59,165.76,165.84,165.66,165.69,3940
2020-10-21 07:00,165.6901,165.725,165.53,165.54,3953
2020-10-21 07:01,165.57,165.595,165.49,165.51,5252
2020-10-21 07:02,165.5,165.5,165.39,165.45,2299
2020-10-21 07:03,165.52,165.63,165.46,165.57,8461
2020-10-21 07:04,165.6,165.77,165.6,165.7583,14919
2020-10-21 07:05,165.775,165.88,165.7501,165.82,8436
2020-10-21 07:06,165.825,165.96,165.8,165.85,4862
2020-10-21 07:07,165.85,165.92,165.78,165.81,5721
2020-10-21 07:08,165.76,165.89,165.755,165.89,2576
2020-10-21 07:09,165.91,165.91,165.87,165.905,977
2020-10-21 07:10,165.99,165.99,165.84,165.84,3928
2020-10-21 07:11,165.84,165.85,165.77,165.8,3387
2020-10-21 07:12,165.795,165.795,165.69,165.69,1490
2020-10-21 07:13,165.68,165.69,165.62,165.63,6199
2020-10-21 07:14,165.62,165.8118,165.61,165.8118,3519
2020-10-21 07:15,165.85,165.85,165.605,165.67,5629
2020-10-21 07:16,165.63,165.76,165.63,165.73,2542
2020-10-21 07:17,165.76,165.77,165.7175,165.73,3638
2020-10-21 07:18,165.7,165.71,165.61,165.62,1706
2020-10-21 07:19,165.65,165.82,165.65,165.82,2768
2020-10-21 07:20,165.88,165.98,165.88,165.93,1954
2020-10-21 07:21,165.93,165.98,165.91,165.91,2629
2020-10-21 07:22,165.925,165.96,165.91,165.96,1343
2020-10-21 07:23,165.98,166.04,165.98,166.0298,2121
2020-10-21 07:24,166.0213,166.05,165.98,166.04,3522
2020-10-21 07:25,166.081,166.081,166.02,166.02,1281
2020-10-21 07:26,166.06,166.06,166.0217,166.05,1261
2020-10-21 07:27,166.045,166.1957,166.045,166.045,4393
2020-10-21 07:28,165.99,166.02,165.9228,165.9228,3584
2020-10-21 07:29,165.8879,165.9,165.85,165.85,2558
2020-10-21 07:30,165.85,165.9299,165.85,165.87,4724
2020-10-21 07:31,165.86,165.86,165.8,165.85,5271
2020-10-21 07:32,165.855,165.96,165.85,165.96,3791
2020-10-21 07:33,165.86,165.86,165.86,165.86,563
2020-10-21 07:34,165.91,165.97,165.91,165.97,925
2020-10-21 07:35,165.925,165.925,165.86,165.86,1692
2020-10-21 07:36,165.85,165.85,165.62,165.625,1762
2020-10-21 07:37,165.62,165.69,165.6,165.6519,3731
2020-10-21 07:38,165.6,165.66,165.49,165.49,3780
2020-10-21 07:39,165.476,165.54,165.455,165.52,4664
2020-10-21 07:40,165.49,165.52,165.47,165.5,2632
2020-10-21 07:41,165.46,165.46,165.45,165.45,915
2020-10-21 07:42,165.42,165.43,165.34,165.42,3311
2020-10-21 07:43,165.44,165.52,165.44,165.52,2341
2020-10-21 07:44,165.5,165.5,165.45,165.466,2128
2020-10-21 07:45,165.46,165.4952,165.42,165.475,4768
2020-10-21 07:46,165.46,165.47,165.4,165.4,1375
2020-10-21 07:47,165.41,165.435,165.31,165.325,3424
2020-10-21 07:48,165.26,165.26,165.11,165.15,3841
2020-10-21 07:49,165.15,165.15,165.0573,165.0573,3515
2020-10-21 07:50,165.05,165.065,165.01,165.05,5330
2020-10-21 07:51,165.05,165.05,164.98,165.02,9115
2020-10-21 07:52,165.03,165.05,164.95,165.05,2617
2020-10-21 07:53,165.04,165.04,164.85,164.95,6360
2020-10-21 07:54,164.92,164.928,164.9,164.928,1600
2020-10-21 07:55,164.9113,164.9727,164.86,164.9727,5393
2020-10-21 07:56,164.98,165.07,164.98,165.05,11760
2020-10-21 07:57,165.03,165.03,164.79,164.89,6660
2020-10-21 07:58,164.785,164.785,164.71,164.74,1738
2020-10-21 07:59,164.72,164.77,164.59,164.63,14311
2020-10-21 08:00,164.61,164.61,164.45,164.51,5913
2020-10-21 08:01,164.49,164.52,164.475,164.475,3103
2020-10-21 08:02,164.45,164.54,164.45,164.48,4859
2020-10-21 08:03,164.46,164.47,164.39,164.47,4036
2020-10-21 08:04,164.45,164.68,164.41,164.63,6079
2020-10-21 08:05,164.625,164.625,164.55,164.61,6267
2020-10-21 08:06,164.592,164.61,164.55,164.59,3694
2020-10-21 08:07,164.53,164.55,164.394,164.425,5287
2020-10-21 08:08,164.4,164.42,164.11,164.23,19176
2020-10-21 08:09,164.2165,164.23,164.125,164.125,2410
2020-10-21 08:10,164.05,164.14,164.03,164.09,8516
2020-10-21 08:11,164.048,164.1,164.03,164.09,2863
2020-10-21 08:12,164.09,164.195,163.95,164.195,16649
2020-10-21 08:13,164.16,164.19,163.95,163.95,6087
2020-10-21 08:14,164,164.08,163.67,164.02,22291
2020-10-21 08:15,164.04,164.04,163.89,163.9302,6088
2020-10-21 08:16,163.89,163.954,163.78,163.954,3863
2020-10-21 08:17,163.91,163.93,163.8,163.91,3417
2020-10-21 08:18,163.883,164.05,163.85,163.96,4409
2020-10-21 08:19,163.9439,163.9439,163.79,163.79,3735
2020-10-21 08:20,163.79,163.82,163.7005,163.7005,6043
2020-10-21 08:21,163.6447,163.65,163.485,163.485,7059
2020-10-21 08:22,163.42,163.43,163.33,163.36,18985
2020-10-21 08:23,163.3472,163.3472,163.17,163.33,12330
2020-10-21 08:24,163.31,163.32,163.13,163.31,7785
2020-10-21 08:25,163.27,163.31,163.1867,163.24,4954
2020-10-21 08:26,163.265,163.27,163.25,163.26,1268
2020-10-21 08:27,163.24,163.44,163.205,163.415,5624
2020-10-21 08:28,163.39,163.5,163.37,163.43,4840
2020-10-21 08:29,163.46,163.58,163.46,163.58,2544
2020-10-21 08:30,163.58,163.94,163.58,163.94,8613
2020-10-21 08:31,163.89,163.97,163.81,163.97,5278
2020-10-21 08:32,163.92,164.07,163.87,163.95,15288
2020-10-21 08:33,163.97,164.125,163.935,164.125,5034
2020-10-21 08:34,164.16,164.36,164.1509,164.32,9951
2020-10-21 08:35,164.33,164.39,164.29,164.3345,2741
2020-10-21 08:36,164.34,164.6,164.34,164.6,11285
2020-10-21 08:37,164.6,164.61,164.5,164.5,3171
2020-10-21 08:38,164.47,164.47,164.38,164.38,2100
2020-10-21 08:39,164.37,164.38,164.28,164.28,1718
2020-10-21 08:40,164.28,164.33,164.255,164.29,3306
2020-10-21 08:41,164.31,164.33,164.25,164.33,2254
2020-10-21 08:42,164.27,164.28,164.15,164.15,771
2020-10-21 08:43,164.22,164.26,164.195,164.26,3172
2020-10-21 08:44,164.29,164.29,164.22,164.255,3377
2020-10-21 08:45,164.23,164.23,164.17,164.17,1025
2020-10-21 08:46,164.14,164.17,164.14,164.15,1628
2020-10-21 08:47,164.16,164.24,164.16,164.24,2360
2020-10-21 08:48,164.18,164.18,164.14,164.162,1421
2020-10-21 08:49,164.16,164.2,164.15,164.15,1240
2020-10-21 08:50,164.15,164.18,164.15,164.18,762
2020-10-21 08:51,164.15,164.16,164.08,164.09,1223
2020-10-21 08:52,164.15,164.19,164.13,164.13,2709
2020-10-21 08:53,164.12,164.18,164.12,164.175,1655
2020-10-21 08:54,164.16,164.16,164.07,164.1,1791
2020-10-21 08:55,164.12,164.12,163.9434,163.9434,2906
2020-10-21 08:56,163.99,163.99,163.84,163.86,5401
2020-10-21 08:57,163.89,163.91,163.79,163.79,3412
2020-10-21 08:58,163.78,163.7831,163.38,163.4576,15086
2020-10-21 08:59,163.47,163.54,163.4401,163.49,4262
2020-10-21 09:00,163.52,163.6,163.51,163.58,4981
2020-10-21 09:01,163.59,163.662,163.51,163.52,7546
2020-10-21 09:02,163.5601,163.5601,163.51,163.52,5733
2020-10-21 09:03,163.545,163.5536,163.52,163.5536,2484
2020-10-21 09:04,163.54,163.65,163.54,163.64,1170
2020-10-21 09:05,163.62,163.62,163.56,163.61,2453
2020-10-21 09:06,163.625,163.625,163.57,163.6,2776
2020-10-21 09:07,163.64,163.7699,163.55,163.57,11464
2020-10-21 09:08,163.54,163.59,163.39,163.575,20737
2020-10-21 09:09,163.56,163.58,163.5532,163.5532,2741
2020-10-21 09:10,163.47,163.484,163.37,163.4,3600
2020-10-21 09:11,163.32,163.41,163.3,163.335,4298
2020-10-21 09:12,163.35,163.37,163.3,163.31,5223
2020-10-21 09:13,163.34,163.46,163.34,163.43,4421
2020-10-21 09:14,163.44,163.48,163.39,163.39,6790
2020-10-21 09:15,163.4,163.505,163.4,163.41,6007
2020-10-21 09:16,163.41,163.42,163.3,163.38,14125
2020-10-21 09:17,163.39,163.45,163.29,163.29,3637
2020-10-21 09:18,163.29,163.31,163.25,163.31,3246
2020-10-21 09:19,163.295,163.295,163.11,163.13,7843
2020-10-21 09:20,163.105,163.58,163.02,163.43,21360
2020-10-21 09:21,163.51,164.2783,163.4,164.22,18595
2020-10-21 09:22,164.25,164.5952,164.25,164.55,4476
2020-10-21 09:23,164.41,164.44,164.3,164.43,5584
2020-10-21 09:24,164.425,164.425,164.31,164.31,3248
2020-10-21 09:25,164.29,164.35,164.24,164.29,2140
2020-10-21 09:26,164.24,164.32,163.91,163.91,3699
2020-10-21 09:27,163.93,163.93,163.72,163.83,5219
2020-10-21 09:28,163.83,163.88,163.75,163.76,2917
2020-10-21 09:29,163.76,163.79,163.66,163.77,3590
2020-10-21 09:30,163.79,163.89,163.705,163.705,5509
2020-10-21 09:31,163.77,163.81,163.7,163.72,3407
2020-10-21 09:32,163.72,163.72,163.59,163.59,1972
2020-10-21 09:33,163.58,163.59,163.05,163.19,20464
2020-10-21 09:34,163.15,163.17,163.13,163.13,1923
2020-10-21 09:35,163.12,163.17,162.97,163.17,10976
2020-10-21 09:36,163.1,163.1,163.01,163.1,5673
2020-10-21 09:37,163.1341,163.19,163.08,163.19,3411
2020-10-21 09:38,163.12,163.19,163.12,163.19,2061
2020-10-21 09:39,163.185,163.2087,163.14,163.175,1517
2020-10-21 09:40,163.175,163.315,163.165,163.26,4382
2020-10-21 09:41,163.295,163.35,163.295,163.35,2269
2020-10-21 09:42,163.36,163.41,163.35,163.4,7881
2020-10-21 09:43,163.395,163.64,163.395,163.64,10593
2020-10-21 09:44,163.6296,163.78,163.6,163.7707,13089
2020-10-21 09:45,163.76,163.83,163.725,163.83,3912
2020-10-21 09:46,163.83,163.895,163.81,163.87,5212
2020-10-21 09:47,163.87,163.91,163.68,163.735,14591
2020-10-21 09:48,163.71,163.71,163.5,163.5,4070
2020-10-21 09:49,163.42,163.4268,163.36,163.3917,1665
2020-10-21 09:50,163.37,163.61,163.37,163.58,3008
2020-10-21 09:51,163.6,163.76,163.6,163.76,2419
2020-10-21 09:52,163.78,163.79,163.67,163.7023,3171
2020-10-21 09:54,163.66,163.66,163.47,163.5,4161
2020-10-21 09:55,163.525,163.62,163.39,163.39,3191
2020-10-21 09:56,163.47,163.72,163.47,163.72,6384
2020-10-21 09:57,163.76,163.76,163.7085,163.74,2682
2020-10-21 09:58,163.725,163.8736,163.725,163.8736,1858
2020-10-21 09:59,163.85,163.85,163.765,163.765,1536
2020-10-21 10:00,163.83,163.8775,163.82,163.8775,1216
2020-10-21 10:01,163.86,163.94,163.86,163.87,1916
2020-10-21 10:02,163.78,163.78,163.74,163.74,1618
2020-10-21 10:03,163.74,163.8,163.74,163.79,3187
2020-10-21 10:04,163.86,164.06,163.8435,164.06,3342
2020-10-21 10:05,164.045,164.09,163.975,164.09,2127
2020-10-21 10:06,164.0494,164.0494,164.03,164.03,716
2020-10-21 10:07,163.93,163.98,163.9062,163.9148,2234
2020-10-21 10:08,163.92,163.99,163.89,163.985,2050
2020-10-21 10:09,163.96,163.96,163.83,163.85,3139
2020-10-21 10:10,163.875,163.875,163.78,163.86,1572
2020-10-21 10:11,163.95,163.95,163.91,163.91,926
2020-10-21 10:12,163.96,163.96,163.93,163.93,1085
2020-10-21 10:13,163.95,163.97,163.945,163.95,941
2020-10-21 10:14,163.9525,163.9525,163.92,163.93,1579
2020-10-21 10:15,163.93,164.04,163.93,164.03,2908
2020-10-21 10:16,164.065,164.065,163.93,163.93,1367
2020-10-21 10:17,163.9701,164.13,163.9701,164.105,3954
2020-10-21 10:18,164.11,164.21,164.11,164.21,2615
2020-10-21 10:19,164.18,164.19,164.13,164.19,1570
2020-10-21 10:20,164.135,164.135,164.05,164.06,1251
2020-10-21 10:21,164.03,164.075,164.02,164.02,1159
2020-10-21 10:22,164.01,164.05,164.01,164.0367,1144
2020-10-21 10:23,163.98,164.04,163.98,164.03,1629
2020-10-21 10:24,164.05,164.08,164.05,164.07,1194
2020-10-21 10:25,164.0358,164.0358,164.02,164.02,443
2020-10-21 10:26,164,164.05,164,164.05,1262
2020-10-21 10:27,164.03,164.05,164.02,164.05,1856
2020-10-21 10:28,164.08,164.13,164.08,164.13,2015
2020-10-21 10:29,164.12,164.12,164.0699,164.0699,1059
2020-10-21 10:30,164.08,164.1,163.99,164.1,2329
2020-10-21 10:31,164.0797,164.0824,163.98,163.98,1155
2020-10-21 10:32,163.93,163.94,163.9073,163.9263,2322
2020-10-21 10:33,163.95,164.045,163.94,164.03,1826
2020-10-21 10:34,164.03,164.035,163.97,163.97,722
2020-10-21 10:35,163.99,163.99,163.97,163.99,1078
2020-10-21 10:36,164,164.01,163.98,163.98,1001
2020-10-21 10:37,163.93,163.94,163.76,163.77,3048
2020-10-21 10:38,163.7675,163.78,163.66,163.68,5392
2020-10-21 10:39,163.66,163.66,163.59,163.615,3364
2020-10-21 10:40,163.66,163.695,163.56,163.66,8398
2020-10-21 10:41,163.665,163.665,163.64,163.64,889
2020-10-21 10:42,163.68,163.74,163.66,163.66,2350
2020-10-21 10:43,163.662,163.67,163.63,163.67,1842
2020-10-21 10:44,163.685,163.71,163.66,163.6825,2236
2020-10-21 10:45,163.66,163.66,163.59,163.62,2878
2020-10-21 10:46,163.62,163.66,163.56,163.59,2271
2020-10-21 10:47,163.64,163.66,163.62,163.65,1541
2020-10-21 10:48,163.68,163.73,163.66,163.73,1459
2020-10-21 10:49,163.71,163.73,163.69,163.73,1906
2020-10-21 10:50,163.73,164,163.73,164,3460
2020-10-21 10:51,164.05,164.05,163.94,163.9725,1551
2020-10-21 10:52,163.87,163.879,163.82,163.84,1532
2020-10-21 10:53,163.71,163.7199,163.645,163.71,3368
2020-10-21 10:54,163.69,163.73,163.69,163.73,916
2020-10-21 10:55,163.66,163.66,163.6,163.63,1142
2020-10-21 10:56,163.64,163.67,163.635,163.635,2349
2020-10-21 10:57,163.64,163.66,163.6005,163.615,1826
2020-10-21 10:58,163.615,163.64,163.615,163.64,720
2020-10-21 10:59,163.59,163.62,163.57,163.57,2957
2020-10-21 11:00,163.67,163.8,163.67,163.8,1609
2020-10-21 11:01,163.9,163.9,163.71,163.71,2109
2020-10-21 11:02,163.7114,163.775,163.67,163.67,2848
2020-10-21 11:03,163.69,163.69,163.655,163.655,353
2020-10-21 11:04,163.635,163.635,163.57,163.57,1980
2020-10-21 11:05,163.54,163.5525,163.52,163.5525,5206
2020-10-21 11:06,163.56,163.61,163.56,163.565,1765
2020-10-21 11:07,163.555,163.555,163.47,163.545,3370
2020-10-21 11:08,163.56,163.58,163.51,163.53,1782
2020-10-21 11:09,163.505,163.57,163.49,163.55,3270
2020-10-21 11:10,163.47,163.49,163.44,163.48,1977
2020-10-21 11:11,163.52,163.615,163.52,163.615,1996
2020-10-21 11:12,163.66,163.66,163.58,163.58,1135
2020-10-21 11:13,163.62,163.62,163.62,163.62,1308
2020-10-21 11:14,163.58,163.58,163.49,163.52,3133
2020-10-21 11:15,163.59,163.65,163.57,163.6196,1500
2020-10-21 11:16,163.65,163.75,163.635,163.71,4090
2020-10-21 11:17,163.68,163.68,163.5797,163.5797,1019
2020-10-21 11:18,163.61,163.61,163.52,163.61,3612
2020-10-21 11:19,163.59,163.62,163.59,163.62,699
2020-10-21 11:20,163.5709,163.5709,163.5083,163.53,1310
2020-10-21 11:21,163.52,163.52,163.455,163.49,4630
2020-10-21 11:22,163.49,163.58,163.48,163.565,2921
2020-10-21 11:23,163.58,163.58,163.58,163.58,703
2020-10-21 11:24,163.565,163.59,163.565,163.59,1732
2020-10-21 11:25,163.61,163.645,163.55,163.57,3554
2020-10-21 11:26,163.55,163.73,163.55,163.73,2585
2020-10-21 11:27,163.8,163.85,163.77,163.85,2695
2020-10-21 11:28,163.8899,163.8899,163.77,163.83,2777
2020-10-21 11:29,163.85,163.85,163.76,163.8,489
2020-10-21 11:30,163.75,163.75,163.72,163.72,1643
2020-10-21 11:31,163.685,163.79,163.66,163.79,3960
2020-10-21 11:32,163.76,163.83,163.76,163.82,2063
2020-10-21 11:33,163.83,163.87,163.83,163.87,2084
2020-10-21 11:34,163.8662,163.8662,163.79,163.79,3047
2020-10-21 11:35,163.779,163.82,163.779,163.805,1591
2020-10-21 11:36,163.855,163.88,163.75,163.7692,1303
2020-10-21 11:37,163.79,163.79,163.73,163.74,2103
2020-10-21 11:38,163.735,163.76,163.71,163.76,2046
2020-10-21 11:39,163.74,163.76,163.73,163.76,2795
2020-10-21 11:40,163.78,163.82,163.73,163.8,2055
2020-10-21 11:41,163.78,163.81,163.74,163.74,1220
2020-10-21 11:42,163.745,163.81,163.68,163.81,6135
2020-10-21 11:43,163.7758,163.78,163.76,163.78,1138
2020-10-21 11:44,163.78,163.79,163.7423,163.76,2231
2020-10-21 11:45,163.77,163.82,163.77,163.8,3145
2020-10-21 11:46,163.7684,163.8,163.7498,163.8,2113
2020-10-21 11:47,163.79,163.79,163.6844,163.6844,814
2020-10-21 11:48,163.66,163.66,163.62,163.65,2353
2020-10-21 11:49,163.62,163.64,163.59,163.6285,3603
2020-10-21 11:50,163.6292,163.6292,163.54,163.55,2206
2020-10-21 11:51,163.5,163.52,163.48,163.51,2708
2020-10-21 11:52,163.52,163.61,163.48,163.61,3816
2020-10-21 11:53,163.66,163.66,163.575,163.6,2061
2020-10-21 11:54,163.57,163.5999,163.5,163.5,3333
2020-10-21 11:55,163.49,163.54,163.47,163.54,3855
2020-10-21 11:56,163.55,163.61,163.55,163.61,1818
2020-10-21 11:57,163.59,163.6,163.54,163.6,1869
2020-10-21 11:58,163.6,163.62,163.56,163.56,1093
2020-10-21 11:59,163.55,163.59,163.53,163.59,3240
2020-10-21 12:00,163.62,163.64,163.5988,163.6224,1314
2020-10-21 12:01,163.6,163.645,163.58,163.645,2282
2020-10-21 12:02,163.645,163.645,163.575,163.59,1937
2020-10-21 12:03,163.59,163.7,163.59,163.5916,5350
2020-10-21 12:04,163.58,163.58,163.47,163.47,1988
2020-10-21 12:05,163.46,163.52,163.4384,163.51,3827
2020-10-21 12:06,163.529,163.54,163.44,163.44,2928
2020-10-21 12:07,163.42,163.44,163.31,163.42,6080
2020-10-21 12:08,163.46,163.46,163.4,163.4,1592
2020-10-21 12:09,163.4,163.46,163.385,163.46,1871
2020-10-21 12:10,163.46,163.46,163.39,163.42,2970
2020-10-21 12:11,163.42,163.455,163.42,163.42,1475
2020-10-21 12:12,163.46,163.5,163.41,163.48,2348
2020-10-21 12:13,163.3848,163.44,163.3848,163.43,2951
2020-10-21 12:14,163.43,163.435,163.34,163.38,12508
2020-10-21 12:15,163.34,163.39,163.29,163.29,4469
2020-10-21 12:16,163.3201,163.3353,163.31,163.3353,1950
2020-10-21 12:17,163.31,163.31,163.223,163.2401,4587
2020-10-21 12:18,163.24,163.26,163.23,163.26,4046
2020-10-21 12:19,163.24,163.3,163.22,163.26,2743
2020-10-21 12:20,163.3,163.37,163.3,163.36,4847
2020-10-21 12:21,163.37,163.41,163.35,163.38,4684
2020-10-21 12:22,163.375,163.41,163.35,163.41,3269
2020-10-21 12:23,163.42,163.426,163.26,163.2999,12505
2020-10-21 12:24,163.29,163.42,163.28,163.42,4306
2020-10-21 12:25,163.425,163.52,163.41,163.52,7051
2020-10-21 12:26,163.545,163.545,163.45,163.45,3007
2020-10-21 12:27,163.46,163.47,163.37,163.37,6843
2020-10-21 12:28,163.37,163.52,163.37,163.49,8426
2020-10-21 12:29,163.51,163.65,163.51,163.63,8369
2020-10-21 12:30,163.64,163.66,163.56,163.65,4675
2020-10-21 12:31,163.645,163.74,163.645,163.69,4274
2020-10-21 12:32,163.69,163.75,163.68,163.75,4515
2020-10-21 12:33,163.745,163.81,163.7,163.73,17169
2020-10-21 12:34,163.72,163.72,163.4977,163.56,12053
2020-10-21 12:35,163.585,163.62,163.45,163.55,8904
2020-10-21 12:36,163.58,163.58,163.43,163.44,7909
2020-10-21 12:37,163.44,163.46,163.4,163.43,7000
2020-10-21 12:38,163.43,163.53,163.41,163.49,6312
2020-10-21 12:39,163.46,163.48,163.36,163.44,8519
2020-10-21 12:40,163.4,163.435,163.18,163.215,23862
2020-10-21 12:41,163.21,163.255,163.13,163.13,22954
2020-10-21 12:42,163.1385,163.18,163.04,163.16,12259
2020-10-21 12:43,163.155,163.17,163.105,163.15,9072
2020-10-21 12:44,163.17,163.2,163.1,163.1,13543
2020-10-21 12:45,163.1,163.115,162.95,162.96,19732
2020-10-21 12:46,162.98,163.05,162.95,162.98,13284
2020-10-21 12:47,163,163.08,163,163.03,7048
2020-10-21 12:48,163.05,163.1,162.9766,163.02,7734
2020-10-21 12:49,163.05,163.189,163.01,163.189,9519
2020-10-21 12:50,163.16,163.19,163.01,163.13,16980
2020-10-21 12:51,163.15,163.27,163.11,163.2356,16159
2020-10-21 12:52,163.29,163.32,163.23,163.28,14376
2020-10-21 12:53,163.28,163.32,163.22,163.32,12167
2020-10-21 12:54,163.33,163.45,163.27,163.34,11639
2020-10-21 12:55,163.35,163.58,163.27,163.5364,35780
2020-10-21 12:56,163.52,163.65,163.41,163.61,40803
2020-10-21 12:57,163.62,163.69,163.4,163.48,36417
2020-10-21 12:58,163.54,163.67,163.4,163.56,53440
2020-10-21 12:59,163.52,163.65,163.28,163.29,61246
2020-10-22 06:32,163.07,163.38,163.06,163.155,56245
2020-10-22 06:33,163.0875,163.27,162.96,162.96,12587
2020-10-22 06:34,163,163.16,162.83,163,3806
2020-10-22 06:35,162.944,162.944,162.58,162.7,3327
2020-10-22 06:36,162.73,162.73,162.29,162.38,16581
2020-10-22 06:37,162.315,162.4,162.1,162.305,10033
2020-10-22 06:38,162.3262,162.335,162.32,162.33,1090
2020-10-22 06:39,162.325,162.3275,162.03,162.29,9432
2020-10-22 06:40,162.27,162.44,162.26,162.44,8409
2020-10-22 06:41,162.27,162.54,162.21,162.37,2786
2020-10-22 06:42,162.3833,162.49,162.23,162.49,2661
2020-10-22 06:43,162.69,162.98,162.59,162.775,2540
2020-10-22 06:44,162.9299,162.93,162.69,162.79,7692
2020-10-22 06:45,162.69,163,162.53,162.8192,10545
2020-10-22 06:46,162.8,162.95,162.73,162.795,2605
2020-10-22 06:47,162.69,162.775,162.41,162.43,3508
2020-10-22 06:48,162.696,162.696,162.42,162.42,2920
2020-10-22 06:49,162.415,162.48,162.15,162.195,4267
2020-10-22 06:50,162.205,162.39,162.175,162.39,2683
2020-10-22 06:51,162.48,162.48,162.33,162.4,6871
2020-10-22 06:52,162.315,162.67,162.315,162.67,4853
2020-10-22 06:53,162.575,162.575,162.45,162.4686,2743
2020-10-22 06:54,162.33,162.69,162.33,162.64,3660
2020-10-22 06:55,162.545,162.83,162.545,162.81,4650
2020-10-22 06:56,162.81,162.87,162.705,162.82,6683
2020-10-22 06:57,162.81,162.99,162.81,162.99,5722
2020-10-22 06:58,162.95,163.11,162.85,163.06,5790
2020-10-22 06:59,162.99,163.06,162.92,163.04,1827
2020-10-22 07:00,163,163.05,162.91,162.93,6208
2020-10-22 07:01,162.88,163.105,162.795,162.95,8182
2020-10-22 07:02,163.03,163.22,163.03,163.14,8124
2020-10-22 07:03,163.13,163.21,163.12,163.16,12253
2020-10-22 07:04,163.12,163.195,163.1,163.18,2690
2020-10-22 07:05,163.19,163.24,163.08,163.17,4730
2020-10-22 07:06,163.18,163.2,163.06,163.075,5245
2020-10-22 07:07,163.09,163.09,162.94,162.955,8769
2020-10-22 07:08,162.955,163.14,162.955,163.08,3065
2020-10-22 07:09,163.09,163.13,163,163.01,3600
2020-10-22 07:10,163.0205,163.05,162.9859,163.03,4539
2020-10-22 07:11,163.04,163.09,162.925,162.97,4468
2020-10-22 07:12,162.98,163.15,162.93,163.15,9325
2020-10-22 07:13,163.13,163.16,163.04,163.04,3164
2020-10-22 07:14,163.13,163.155,163.06,163.1379,3485
2020-10-22 07:15,163.13,163.13,162.93,162.995,17104
2020-10-22 07:16,163,163.07,162.875,163.01,6809
2020-10-22 07:17,163,163.05,162.9,162.99,31087
2020-10-22 07:18,162.94,162.97,162.86,162.925,3627
2020-10-22 07:19,162.93,162.93,162.685,162.755,4815
2020-10-22 07:20,162.7425,162.8299,162.67,162.795,8611
2020-10-22 07:21,162.8,162.81,162.72,162.72,5772
2020-10-22 07:22,162.71,162.71,162.57,162.59,5044
2020-10-22 07:23,162.61,162.66,162.49,162.565,24732
2020-10-22 07:24,162.565,162.565,162.31,162.31,7688
2020-10-22 07:25,162.31,162.42,162.2,162.345,9070
2020-10-22 07:26,162.345,162.43,162.33,162.43,3818
2020-10-22 07:27,162.44,162.585,162.44,162.525,4183
2020-10-22 07:28,162.505,162.52,162.37,162.435,5323
2020-10-22 07:29,162.46,162.47,162.375,162.4,7774
2020-10-22 07:30,162.41,162.49,162.37,162.48,17755
2020-10-22 07:31,162.47,162.47,162.3,162.34,8632
2020-10-22 07:32,162.31,162.33,162.16,162.18,21976
2020-10-22 07:33,162.18,162.18,161.89,161.89,9763
2020-10-22 07:34,161.88,161.88,161.7,161.88,7185
2020-10-22 07:35,161.84,162.19,161.84,162.19,8802
2020-10-22 07:36,162.14,162.145,161.935,162.05,11219
2020-10-22 07:37,162.08,162.09,161.94,162.03,9675
2020-10-22 07:38,162.04,162.05,161.92,161.99,6266
2020-10-22 07:39,162.03,162.03,161.86,161.86,4752
2020-10-22 07:40,161.9,161.9,161.655,161.67,9323
2020-10-22 07:41,161.69,161.74,161.44,161.515,13334
2020-10-22 07:42,161.5,161.5,161.4001,161.449,6076
2020-10-22 07:43,161.43,161.437,161.26,161.4,10456
2020-10-22 07:44,161.39,161.39,161.08,161.14,8685
2020-10-22 07:45,161.08,161.17,160.6,160.71,41635
2020-10-22 07:46,160.685,160.895,160.635,160.89,15277
2020-10-22 07:47,160.8707,160.8707,160.73,160.785,4453
2020-10-22 07:48,160.765,160.79,160.47,160.4997,14790
2020-10-22 07:49,160.47,160.48,160.2437,160.43,32781
2020-10-22 07:50,160.4,160.42,160.15,160.41,12431
2020-10-22 07:51,160.37,160.81,160.29,160.7142,18097
2020-10-22 07:52,160.82,160.9,160.63,160.74,20791
2020-10-22 07:53,160.86,161.21,160.805,161.05,22500
2020-10-22 07:54,161.1906,161.48,161.157,161.18,7895
2020-10-22 07:55,161.18,161.3719,161.18,161.3655,7453
2020-10-22 07:56,161.33,161.665,161.21,161.64,17268
2020-10-22 07:57,161.57,161.71,161.465,161.49,2270
2020-10-22 07:58,161.51,161.51,161.11,161.19,23965
2020-10-22 07:59,161.2037,161.2037,161.04,161.095,5248
2020-10-22 08:00,161.02,161.51,161.02,161.47,8861
2020-10-22 08:01,161.45,161.465,161.26,161.26,2992
2020-10-22 08:02,161.308,161.33,161.15,161.25,4735
2020-10-22 08:03,161.275,161.275,161.07,161.12,14936
2020-10-22 08:04,161.12,161.29,161.12,161.23,4973
2020-10-22 08:05,161.25,161.25,161.11,161.15,4379
2020-10-22 08:06,161.1437,161.23,161.13,161.16,5918
2020-10-22 08:07,161.14,161.21,161.06,161.14,12650
2020-10-22 08:08,161.14,161.16,160.96,161.005,7937
2020-10-22 08:09,161.02,161.03,160.8353,160.8353,3128
2020-10-22 08:10,160.89,160.93,160.853,160.853,4161
2020-10-22 08:11,160.8499,160.89,160.67,160.67,7270
2020-10-22 08:12,160.7113,160.7113,160.6,160.68,5737
2020-10-22 08:13,160.72,160.79,160.72,160.75,2628
2020-10-22 08:14,160.75,160.87,160.69,160.825,5515
2020-10-22 08:15,160.79,160.95,160.79,160.95,3685
2020-10-22 08:16,160.91,160.91,160.65,160.6961,5895
2020-10-22 08:17,160.67,160.69,160.4884,160.5,4960
2020-10-22 08:18,160.5,160.54,160.38,160.39,7941
2020-10-22 08:19,160.37,160.42,160.3,160.35,5264
2020-10-22 08:20,160.345,160.5775,160.345,160.5079,12212
2020-10-22 08:21,160.46,160.64,160.45,160.64,10509
2020-10-22 08:22,160.65,160.65,160.47,160.5,5981
2020-10-22 08:23,160.5,160.5075,160.33,160.35,10128
2020-10-22 08:24,160.32,160.35,160.27,160.27,6940
2020-10-22 08:25,160.26,160.3,160.2039,160.26,6664
2020-10-22 08:26,160.23,160.27,160.2,160.23,5227
2020-10-22 08:27,160.23,160.3,160.2101,160.26,6584
2020-10-22 08:28,160.23,160.28,160.1265,160.2,8948
2020-10-22 08:29,160.2,160.32,160.2,160.29,7971
2020-10-22 08:30,160.32,160.4238,160.32,160.345,9368
2020-10-22 08:31,160.35,160.4,160.21,160.21,2747
2020-10-22 08:32,160.19,160.31,160.19,160.281,9894
2020-10-22 08:33,160.32,160.37,160.16,160.19,5229
2020-10-22 08:34,160.15,160.22,160.08,160.1,7567
2020-10-22 08:35,160.11,160.16,160.06,160.16,8026
2020-10-22 08:36,160.14,160.14,160.02,160.0975,11403
2020-10-22 08:37,160.08,160.11,160.04,160.0799,2654
2020-10-22 08:38,160.02,160.02,159.68,159.71,38964
2020-10-22 08:39,159.71,159.82,159.71,159.81,10757
2020-10-22 08:40,159.7919,159.82,159.6,159.64,8628
2020-10-22 08:41,159.65,159.6922,159.6442,159.675,4264
2020-10-22 08:42,159.7,159.81,159.68,159.8,6621
2020-10-22 08:43,159.8,159.88,159.73,159.7529,6573
2020-10-22 08:44,159.77,159.805,159.62,159.675,9458
2020-10-22 08:45,159.69,159.82,159.68,159.76,8755
2020-10-22 08:46,159.75,159.89,159.74,159.88,8216
2020-10-22 08:47,159.86,159.86,159.77,159.855,7704
2020-10-22 08:48,159.855,160.06,159.855,160,11080
2020-10-22 08:49,159.97,160,159.8701,159.98,10042
2020-10-22 08:50,159.99,160.1299,159.975,160.05,8875
2020-10-22 08:51,160.02,160.0599,159.805,159.91,17088
2020-10-22 08:52,159.925,159.935,159.84,159.885,6974
2020-10-22 08:53,159.87,159.87,159.77,159.77,5186
2020-10-22 08:54,159.76,159.78,159.68,159.72,8841
2020-10-22 08:55,159.72,159.84,159.72,159.78,6633
2020-10-22 08:56,159.7999,159.7999,159.68,159.6887,7984
2020-10-22 08:57,159.6801,159.78,159.64,159.64,9440
2020-10-22 08:58,159.64,159.71,159.57,159.7,9811
2020-10-22 08:59,159.7,159.73,159.69,159.72,4175
2020-10-22 09:00,159.74,159.83,159.74,159.75,6543
2020-10-22 09:01,159.7899,159.84,159.76,159.84,6159
2020-10-22 09:02,159.85,160.0726,159.85,160.0726,6811
2020-10-22 09:03,160.09,160.09,159.93,159.99,8180
2020-10-22 09:04,160.0082,160.02,159.8201,159.8201,9700
2020-10-22 09:05,159.87,159.95,159.72,159.721,9822
2020-10-22 09:06,159.8,159.98,159.8,159.98,5056
2020-10-22 09:07,159.9699,160.24,159.96,160.2399,8615
2020-10-22 09:08,160.22,160.3007,160.08,160.1,4822
2020-10-22 09:09,160.08,160.08,159.9601,160.04,14591
2020-10-22 09:10,160.03,160.04,159.96,160.035,3083
2020-10-22 09:11,160.0204,160.15,160.0204,160.15,2693
2020-10-22 09:12,160.1417,160.18,160.1278,160.17,2699
2020-10-22 09:13,160.19,160.21,160.0241,160.0241,4844
2020-10-22 09:14,160.025,160.1007,160.02,160.08,2995
2020-10-22 09:15,160.08,160.1899,160.0543,160.1899,2906
2020-10-22 09:16,160.17,160.2207,160.1,160.1,4187
2020-10-22 09:17,160.14,160.15,160.07,160.0887,4098
2020-10-22 09:18,160.1516,160.23,160.15,160.23,3300
2020-10-22 09:19,160.2161,160.265,160.2,160.26,2418
2020-10-22 09:20,160.2,160.2,160.13,160.13,2269
2020-10-22 09:21,160.16,160.22,160.16,160.19,2545
2020-10-22 09:22,160.22,160.25,160.22,160.22,1194
2020-10-22 09:23,160.25,160.25,160.2,160.2,4553
2020-10-22 09:24,160.21,160.23,160.14,160.19,6557
2020-10-22 09:25,160.21,160.21,160.17,160.17,885
2020-10-22 09:26,160.19,160.22,160.17,160.22,1556
2020-10-22 09:27,160.2117,160.2117,160.14,160.16,5216
2020-10-22 09:28,160.16,160.2,160.16,160.195,2382
2020-10-22 09:29,160.22,160.25,160.2026,160.2026,4412
2020-10-22 09:30,160.215,160.23,160.15,160.16,4552
2020-10-22 09:31,160.16,160.17,160.07,160.135,5591
2020-10-22 09:32,160.06,160.08,160,160.08,6503
2020-10-22 09:33,160.08,160.08,160.01,160.045,3586
2020-10-22 09:34,160.0586,160.0586,159.94,159.94,5350
2020-10-22 09:35,159.94,159.95,159.84,159.9,3201
2020-10-22 09:36,159.895,159.92,159.85,159.85,1946
2020-10-22 09:37,159.8674,160.04,159.86,160.03,4289
2020-10-22 09:38,160.005,160.005,159.885,159.885,4660
2020-10-22 09:39,159.9223,159.9799,159.885,159.9599,2782
2020-10-22 09:40,159.91,159.91,159.86,159.9,1509
2020-10-22 09:41,159.88,159.88,159.84,159.87,3652
2020-10-22 09:42,159.87,159.97,159.87,159.97,1705
2020-10-22 09:43,159.91,160.06,159.9,160.06,2614
2020-10-22 09:44,160.0769,160.13,160.0769,160.09,3278
2020-10-22 09:45,160.09,160.11,160.025,160.04,4393
2020-10-22 09:46,160.04,160.07,160.02,160.02,1473
2020-10-22 09:47,160.01,160.02,159.94,159.99,2464
2020-10-22 09:48,160.02,160.03,159.96,160.03,2247
2020-10-22 09:49,160.03,160.25,160.03,160.19,4285
2020-10-22 09:50,160.2399,160.24,160.1811,160.1811,1307
2020-10-22 09:51,160.22,160.28,160.22,160.27,2306
2020-10-22 09:52,160.25,160.27,160.23,160.27,1326
2020-10-22 09:53,160.24,160.24,160.13,160.1628,4416
2020-10-22 09:54,160.18,160.24,160.17,160.24,1983
2020-10-22 09:55,160.28,160.41,160.28,160.378,3811
2020-10-22 09:56,160.38,160.38,160.33,160.38,2948
2020-10-22 09:57,160.3567,160.38,160.35,160.36,5242
2020-10-22 09:58,160.38,160.44,160.36,160.39,4675
2020-10-22 09:59,160.38,160.3899,160.3,160.34,6976
2020-10-22 10:00,160.37,160.372,160.3,160.3,2266
2020-10-22 10:01,160.29,160.34,160.24,160.33,5924
2020-10-22 10:02,160.35,160.43,160.34,160.41,3950
2020-10-22 10:03,160.4054,160.42,160.35,160.35,2826
2020-10-22 10:04,160.37,160.4,160.33,160.39,6757
2020-10-22 10:05,160.3953,160.53,160.37,160.46,4932
2020-10-22 10:06,160.49,160.49,160.42,160.42,4758
2020-10-22 10:07,160.43,160.48,160.4,160.4653,7152
2020-10-22 10:08,160.4189,160.42,160.4,160.41,2501
2020-10-22 10:09,160.41,160.62,160.41,160.6199,15222
2020-10-22 10:10,160.56,160.69,160.56,160.64,5879
2020-10-22 10:11,160.59,160.62,160.42,160.45,11918
2020-10-22 10:12,160.44,160.5,160.44,160.5,2556
2020-10-22 10:13,160.42,160.53,160.42,160.49,6794
2020-10-22 10:14,160.47,160.58,160.46,160.51,52906
2020-10-22 10:15,160.51,160.59,160.405,160.4729,28281
2020-10-22 10:16,160.47,160.5,160.41,160.41,34710
2020-10-22 10:17,160.45,160.5,160.4,160.4,9294
2020-10-22 10:18,160.42,160.42,160.22,160.26,4902
2020-10-22 10:19,160.29,160.3,160.26,160.26,986
2020-10-22 10:20,160.2385,160.3,160.22,160.3,8588
2020-10-22 10:21,160.3,160.3,160.19,160.24,15049
2020-10-22 10:22,160.25,160.29,160.22,160.24,3131
2020-10-22 10:23,160.2302,160.25,160.2,160.22,3485
2020-10-22 10:24,160.23,160.3,160.22,160.3,4427
2020-10-22 10:25,160.3,160.3532,160.285,160.2969,3448
2020-10-22 10:26,160.31,160.38,160.28,160.3,6230
2020-10-22 10:27,160.26,160.36,160.2527,160.2527,3994
2020-10-22 10:28,160.26,160.29,160.24,160.27,6041
2020-10-22 10:29,160.27,160.27,160.22,160.24,4451
2020-10-22 10:30,160.28,160.28,160.17,160.195,7613
2020-10-22 10:31,160.2,160.23,160.15,160.17,9287
2020-10-22 10:32,160.16,160.26,160.16,160.24,5402
2020-10-22 10:33,160.2324,160.24,160.14,160.14,14278
2020-10-22 10:34,160.14,160.14,159.89,159.94,22145
2020-10-22 10:35,159.94,160,159.92,159.935,9774
2020-10-22 10:36,159.945,159.965,159.915,159.915,3327
2020-10-22 10:37,159.9,159.9,159.78,159.8699,10614
2020-10-22 10:38,159.83,159.8926,159.8,159.875,4058
2020-10-22 10:39,159.91,159.91,159.84,159.88,2517
2020-10-22 10:40,159.83,159.89,159.8,159.81,2420
2020-10-22 10:41,159.85,159.87,159.74,159.75,10688
2020-10-22 10:42,159.75,159.75,159.69,159.7,5013
2020-10-22 10:43,159.71,159.76,159.68,159.76,6618
2020-10-22 10:44,159.815,159.87,159.73,159.7861,3663
2020-10-22 10:45,159.775,159.87,159.76,159.775,3788
2020-10-22 10:46,159.79,159.79,159.7,159.77,8084
2020-10-22 10:47,159.7505,159.76,159.71,159.71,2767
2020-10-22 10:48,159.69,159.7,159.63,159.675,8624
2020-10-22 10:49,159.69,159.74,159.675,159.73,3389
2020-10-22 10:50,159.73,159.77,159.67,159.67,12744
2020-10-22 10:51,159.68,159.68,159.64,159.655,3974
2020-10-22 10:52,159.67,159.715,159.54,159.55,17508
2020-10-22 10:53,159.53,159.72,159.44,159.72,37612
2020-10-22 10:54,159.73,159.77,159.5636,159.63,19341
2020-10-22 10:55,159.64,159.78,159.64,159.7,8042
2020-10-22 10:56,159.74,159.91,159.74,159.88,3389
2020-10-22 10:57,159.93,159.99,159.91,159.96,3219
2020-10-22 10:58,159.95,159.97,159.9301,159.97,2997
2020-10-22 10:59,159.97,159.97,159.905,159.905,3336
2020-10-22 11:00,159.94,160.11,159.94,160.07,9052
2020-10-22 11:01,160.07,160.25,160.0301,160.25,4916
2020-10-22 11:02,160.22,160.25,160.15,160.205,12306
2020-10-22 11:03,160.215,160.215,160.1,160.11,14670
2020-10-22 11:04,160.145,160.18,160.07,160.18,6274
2020-10-22 11:05,160.2,160.24,160.14,160.14,4123
2020-10-22 11:06,160.18,160.2,160.055,160.14,7063
2020-10-22 11:07,160.125,160.125,160.06,160.11,3437
2020-10-22 11:08,160.15,160.1869,160.14,160.1869,3214
2020-10-22 11:09,160.155,160.22,160.155,160.2,3809
2020-10-22 11:10,160.2,160.22,160.13,160.13,6535
2020-10-22 11:11,160.14,160.19,160.11,160.11,6173
2020-10-22 11:12,160.12,160.13,159.96,159.98,10011
2020-10-22 11:13,159.97,160.04,159.95,159.95,5048
2020-10-22 11:14,159.9675,160.0535,159.95,160,8209
2020-10-22 11:15,160,160.05,159.96,159.97,6768
2020-10-22 11:16,160.1,160.25,160.1,160.2,7944
2020-10-22 11:17,160.17,160.21,160.09,160.09,8117
2020-10-22 11:18,160.05,160.1999,160.05,160.1999,4590
2020-10-22 11:19,160.15,160.15,160.04,160.125,5190
2020-10-22 11:20,160.08,160.11,160.03,160.11,5900
2020-10-22 11:21,160.08,160.11,160.03,160.08,5033
2020-10-22 11:22,160.06,160.1,160.01,160.05,6563
2020-10-22 11:23,160.045,160.1616,160.01,160.15,6576
2020-10-22 11:24,160.13,160.19,160.12,160.17,3653
2020-10-22 11:25,160.16,160.16,160.05,160.08,5219
2020-10-22 11:26,160.12,160.2199,160.12,160.155,11527
2020-10-22 11:27,160.12,160.17,160.12,160.155,6180
2020-10-22 11:28,160.14,160.17,160.02,160.07,11590
2020-10-22 11:29,160.07,160.16,160.04,160.14,11112
2020-10-22 11:30,160.14,160.17,160.07,160.16,6197
2020-10-22 11:31,160.18,160.255,160.12,160.195,6779
2020-10-22 11:32,160.18,160.2245,160.1,160.1,4072
2020-10-22 11:33,160.1,160.14,160.08,160.08,11996
2020-10-22 11:34,160.12,160.16,160.09,160.15,8396
2020-10-22 11:35,160.18,160.27,160.16,160.21,5190
2020-10-22 11:36,160.24,160.26,160.17,160.23,6112
2020-10-22 11:37,160.22,160.2299,160.18,160.215,4072
2020-10-22 11:38,160.215,160.215,160.14,160.16,5220
2020-10-22 11:39,160.15,160.16,160.1,160.14,5539
2020-10-22 11:40,160.145,160.16,160.13,160.13,3991
2020-10-22 11:41,160.14,160.145,160.07,160.07,3371
2020-10-22 11:42,160.05,160.2,160.04,160.17,12953
2020-10-22 11:43,160.16,160.205,160.1,160.16,5814
2020-10-22 11:44,160.16,160.19,160.07,160.07,5221
2020-10-22 11:45,160.08,160.135,160.03,160.03,3776
2020-10-22 11:46,160.06,160.08,159.96,159.98,8917
2020-10-22 11:47,159.97,160.0586,159.97,160.01,4402
2020-10-22 11:48,159.99,160.07,159.95,159.99,5622
2020-10-22 11:49,159.99,160.06,159.98,160.01,3949
2020-10-22 11:50,160.0205,160.05,159.96,159.97,5846
2020-10-22 11:51,160.02,160.15,160.02,160.14,5933
2020-10-22 11:52,160.12,160.24,160.11,160.14,5485
2020-10-22 11:53,160.11,160.21,160.08,160.1877,5726
2020-10-22 11:54,160.15,160.2099,160.15,160.17,5551
2020-10-22 11:55,160.17,160.22,160.13,160.13,5027
2020-10-22 11:56,160.145,160.17,160.11,160.15,5229
2020-10-22 11:57,160.155,160.16,160.13,160.14,3590
2020-10-22 11:58,160.11,160.11,160.03,160.03,7107
2020-10-22 11:59,160.06,160.085,160.02,160.0636,6083
2020-10-22 12:00,160.09,160.115,160.02,160.02,5754
2020-10-22 12:01,160.0261,160.049,159.91,159.92,5547
2020-10-22 12:02,159.92,160.085,159.92,160.04,6482
2020-10-22 12:03,160.05,160.05,159.98,160.03,5091
2020-10-22 12:04,160.04,160.1325,160.04,160.07,7147
2020-10-22 12:05,160.07,160.07,160.01,160.03,5417
2020-10-22 12:06,160.06,160.07,160.01,160.07,4951
2020-10-22 12:07,160.03,160.04,159.96,160.02,10007
2020-10-22 12:08,159.97,160.03,159.93,159.95,4310
2020-10-22 12:09,159.95,160.11,159.95,160.09,6198
2020-10-22 12:10,160.04,160.06,159.98,159.98,5826
2020-10-22 12:11,159.98,159.985,159.85,159.87,8058
2020-10-22 12:12,159.86,159.9,159.82,159.87,7061
2020-10-22 12:13,159.88,159.93,159.86,159.9,5239
2020-10-22 12:14,159.89,159.95,159.88,159.94,6223
2020-10-22 12:15,159.94,159.98,159.93,159.94,4354
2020-10-22 12:16,159.94,160.03,159.93,160.01,4999
2020-10-22 12:17,160.01,160.01,159.91,159.95,9240
2020-10-22 12:18,159.92,159.95,159.82,159.85,8266
2020-10-22 12:19,159.86,159.92,159.86,159.89,7206
2020-10-22 12:20,159.89,159.91,159.86,159.86,6012
2020-10-22 12:21,159.85,159.85,159.74,159.75,9570
2020-10-22 12:22,159.75,159.77,159.71,159.7199,8628
2020-10-22 12:23,159.73,159.79,159.72,159.79,11156
2020-10-22 12:24,159.78,159.78,159.67,159.67,5522
2020-10-22 12:25,159.63,159.8,159.63,159.725,7273
2020-10-22 12:26,159.74,159.84,159.72,159.82,7049
2020-10-22 12:27,159.87,159.98,159.85,159.9024,11360
2020-10-22 12:28,159.9,159.96,159.87,159.95,10296
2020-10-22 12:29,159.93,159.962,159.83,159.84,10719
2020-10-22 12:30,159.82,159.84,159.76,159.82,12518
2020-10-22 12:31,159.8,159.89,159.8,159.83,10745
2020-10-22 12:32,159.82,159.87,159.82,159.83,6118
2020-10-22 12:33,159.835,159.88,159.76,159.82,21568
2020-10-22 12:34,159.83,159.85,159.76,159.82,8156
2020-10-22 12:35,159.82,159.98,159.81,159.95,11505
2020-10-22 12:36,159.95,160,159.9,159.98,11500
2020-10-22 12:37,160,160.09,159.98,160.03,21820
2020-10-22 12:38,160.01,160.12,160.01,160.085,15031
2020-10-22 12:39,160.1031,160.1031,159.98,160.01,15123
2020-10-22 12:40,160,160.09,159.99,160.07,16153
2020-10-22 12:41,160.1,160.12,160.08,160.1,16638
2020-10-22 12:42,160.1,160.12,160.02,160.02,14664
2020-10-22 12:43,160.0226,160.06,159.9605,160.03,17446
2020-10-22 12:44,160.05,160.06,159.98,159.99,13274
2020-10-22 12:45,159.98,159.98,159.84,159.84,21001
2020-10-22 12:46,159.83,159.86,159.77,159.81,20089
2020-10-22 12:47,159.805,159.8199,159.66,159.665,14768
2020-10-22 12:48,159.65,159.73,159.62,159.67,31207
2020-10-22 12:49,159.65,159.69,159.58,159.58,22642
2020-10-22 12:50,159.6,159.7299,159.58,159.65,28622
2020-10-22 12:51,159.66,159.67,159.61,159.64,23247
2020-10-22 12:52,159.68,159.68,159.5188,159.52,24156
2020-10-22 12:53,159.55,159.61,159.54,159.6,19092
2020-10-22 12:54,159.62,159.86,159.6,159.81,34584
2020-10-22 12:55,159.76,159.8,159.5,159.5,43994
2020-10-22 12:56,159.48,159.53,159.34,159.37,42048
2020-10-22 12:57,159.38,159.6,159.35,159.6,41068
2020-10-22 12:58,159.6,159.63,159.49,159.57,28428
2020-10-22 12:59,159.55,159.7,159.55,159.6,54342
2020-10-23 06:31,160.39,160.39,160.0694,160.0694,80103
2020-10-23 06:32,160.15,160.25,159.81,160.25,6801
2020-10-23 06:33,160.25,160.35,160,160,4986
2020-10-23 06:34,160.1,160.16,160.0119,160.05,2842
2020-10-23 06:35,159.98,160.34,159.95,160.34,5881
2020-10-23 06:36,160.29,160.35,160.16,160.16,6544
2020-10-23 06:37,160.26,160.26,159.96,159.96,1737
2020-10-23 06:38,159.9558,159.97,159.7,159.7,4329
2020-10-23 06:39,159.72,159.9,159.4,159.8709,25554
2020-10-23 06:40,159.77,159.77,159.7067,159.745,1985
2020-10-23 06:41,159.73,159.7486,159.5,159.5,2230
2020-10-23 06:42,159.48,159.67,159.42,159.5846,9392
2020-10-23 06:43,159.68,159.78,159.65,159.78,3341
2020-10-23 06:44,159.9425,159.9425,159.8,159.85,2454
2020-10-23 06:45,159.79,159.82,159.69,159.77,3810
2020-10-23 06:46,159.77,159.77,159.67,159.7,1637
2020-10-23 06:47,159.69,159.79,159.62,159.77,3397
2020-10-23 06:48,159.845,159.845,159.65,159.679,4365
2020-10-23 06:49,159.5662,159.6592,159.5662,159.605,613
2020-10-23 06:50,159.605,159.66,159.45,159.58,9339
2020-10-23 06:51,159.63,159.65,159.5,159.5,8196
2020-10-23 06:52,159.51,159.64,159.51,159.6,5537
2020-10-23 06:53,159.59,159.59,159.26,159.31,8284
2020-10-23 06:54,159.26,159.42,159.26,159.366,5312
2020-10-23 06:55,159.41,159.52,159.35,159.35,5330
2020-10-23 06:56,159.3,159.35,159.26,159.2903,1852
2020-10-23 06:57,159.29,159.29,159.1,159.1,3638
2020-10-23 06:58,159.17,159.22,159.13,159.2,2918
2020-10-23 06:59,159.25,159.27,159.17,159.25,2347
2020-10-23 07:00,159.24,159.27,159.09,159.09,2775
2020-10-23 07:01,159.07,159.13,158.81,159.01,31570
2020-10-23 07:02,158.965,159.02,158.89,159.005,4411
2020-10-23 07:03,159.02,159.07,159.02,159.02,5109
2020-10-23 07:04,159.04,159.13,159.04,159.04,4256
2020-10-23 07:05,159.02,159.09,158.99,159.09,3884
2020-10-23 07:06,159.0902,159.17,159.07,159.16,3415
2020-10-23 07:07,159.12,159.12,159.0686,159.1099,871
2020-10-23 07:08,159.11,159.11,159.01,159.05,2633
2020-10-23 07:09,159.0227,159.11,159.02,159.02,8078
2020-10-23 07:10,159.02,159.2,159.02,159.2,2757
2020-10-23 07:11,159.17,159.17,159.11,159.135,2567
2020-10-23 07:12,159.16,159.17,158.96,158.995,7376
2020-10-23 07:13,159.04,159.155,159.02,159.095,5997
2020-10-23 07:14,159.13,159.13,159.05,159.075,2700
2020-10-23 07:15,159.05,159.05,158.92,158.99,3205
2020-10-23 07:16,158.9538,159.03,158.9536,158.9732,8348
2020-10-23 07:17,159,159.02,158.905,158.94,5653
2020-10-23 07:18,158.95,159.15,158.93,159.15,3682
2020-10-23 07:19,159.21,159.27,159.2001,159.26,2811
2020-10-23 07:20,159.29,159.36,159.22,159.24,8531
2020-10-23 07:21,159.2,159.37,159.13,159.37,5255
2020-10-23 07:22,159.4,159.43,159.4,159.43,765
2020-10-23 07:23,159.44,159.46,159.33,159.34,5944
2020-10-23 07:24,159.335,159.455,159.335,159.455,3380
2020-10-23 07:25,159.425,159.46,159.415,159.435,2283
2020-10-23 07:26,159.46,159.56,159.445,159.54,3187
2020-10-23 07:27,159.57,159.66,159.46,159.59,6128
2020-10-23 07:28,159.64,159.72,159.54,159.667,4621
2020-10-23 07:29,159.6621,159.75,159.6621,159.69,4649
2020-10-23 07:30,159.6,159.664,159.58,159.635,5235
2020-10-23 07:31,159.6673,159.67,159.58,159.67,5277
2020-10-23 07:32,159.7,159.785,159.67,159.73,3204
2020-10-23 07:33,159.77,159.865,159.77,159.8549,3770
2020-10-23 07:34,159.825,159.825,159.785,159.785,1659
2020-10-23 07:35,159.795,159.82,159.74,159.745,4796
2020-10-23 07:36,159.79,159.8,159.765,159.775,1857
2020-10-23 07:37,159.775,159.83,159.755,159.78,4367
2020-10-23 07:38,159.82,159.82,159.74,159.75,3174
2020-10-23 07:39,159.72,159.93,159.711,159.93,4743
2020-10-23 07:40,159.93,159.94,159.85,159.87,2233
2020-10-23 07:41,159.845,159.9199,159.82,159.83,4021
2020-10-23 07:42,159.835,159.88,159.82,159.82,3872
2020-10-23 07:43,159.845,159.87,159.845,159.87,867
2020-10-23 07:44,159.82,159.82,159.685,159.78,5786
2020-10-23 07:45,159.7879,159.84,159.7879,159.84,1201
2020-10-23 07:46,159.84,159.86,159.8,159.8,2297
2020-10-23 07:47,159.84,159.87,159.73,159.77,5422
2020-10-23 07:48,159.74,159.74,159.63,159.63,727
2020-10-23 07:49,159.645,159.68,159.56,159.57,4448
2020-10-23 07:50,159.57,159.69,159.56,159.56,5120
2020-10-23 07:51,159.6,159.7,159.6,159.67,3673
2020-10-23 07:52,159.6301,159.74,159.6301,159.715,1866
2020-10-23 07:53,159.665,159.665,159.57,159.57,2061
2020-10-23 07:54,159.58,159.58,159.51,159.51,1571
2020-10-23 07:55,159.5,159.58,159.49,159.55,5224
2020-10-23 07:56,159.6,159.6393,159.6,159.6393,981
2020-10-23 07:57,159.625,159.69,159.61,159.69,3064
2020-10-23 07:58,159.73,159.765,159.685,159.725,1118
2020-10-23 07:59,159.695,159.74,159.66,159.74,4078
2020-10-23 08:00,159.71,159.76,159.71,159.72,2825
2020-10-23 08:01,159.75,159.85,159.745,159.85,1561
2020-10-23 08:02,159.855,159.855,159.61,159.68,6241
2020-10-23 08:03,159.72,159.8,159.72,159.8,2247
2020-10-23 08:04,159.83,159.9,159.83,159.87,1589
2020-10-23 08:05,159.83,159.83,159.78,159.78,1360
2020-10-23 08:06,159.78,159.78,159.745,159.78,1392
2020-10-23 08:07,159.78,159.83,159.78,159.7913,2108
2020-10-23 08:08,159.84,159.85,159.81,159.83,870
2020-10-23 08:09,159.82,159.86,159.82,159.85,1409
2020-10-23 08:10,159.84,159.905,159.75,159.815,3928
2020-10-23 08:11,159.83,159.835,159.83,159.835,1364
2020-10-23 08:12,159.83,159.92,159.83,159.9077,1329
2020-10-23 08:13,159.93,160.03,159.93,160.0093,2342
2020-10-23 08:14,160.07,160.08,160.06,160.06,1001
2020-10-23 08:15,160.07,160.13,160.06,160.07,4044
2020-10-23 08:16,160.1,160.1301,160.1,160.105,1481
2020-10-23 08:17,160.115,160.115,160.07,160.085,2072
2020-10-23 08:18,160.105,160.105,159.98,159.98,2414
2020-10-23 08:19,159.94,159.97,159.88,159.97,3051
2020-10-23 08:20,159.91,159.91,159.87,159.87,683
2020-10-23 08:21,159.81,159.84,159.73,159.78,2954
2020-10-23 08:22,159.7,159.725,159.57,159.68,4720
2020-10-23 08:23,159.67,159.7,159.67,159.67,2211
2020-10-23 08:24,159.67,159.67,159.57,159.585,800
2020-10-23 08:25,159.585,159.585,159.5,159.5,1464
2020-10-23 08:26,159.56,159.56,159.46,159.5,1754
2020-10-23 08:27,159.52,159.54,159.47,159.5124,4162
2020-10-23 08:28,159.46,159.575,159.46,159.52,3719
2020-10-23 08:29,159.49,159.57,159.49,159.525,1190
2020-10-23 08:30,159.53,159.53,159.34,159.3631,6282
2020-10-23 08:31,159.395,159.44,159.33,159.425,5726
2020-10-23 08:32,159.4605,159.62,159.4605,159.62,1189
2020-10-23 08:33,159.6907,159.6907,159.63,159.63,1501
2020-10-23 08:34,159.54,159.62,159.54,159.61,1899
2020-10-23 08:35,159.64,159.65,159.45,159.47,3729
2020-10-23 08:36,159.425,159.46,159.39,159.44,2322
2020-10-23 08:37,159.44,159.44,159.44,159.44,495
2020-10-23 08:38,159.425,159.46,159.35,159.435,3593
2020-10-23 08:39,159.4333,159.4333,159.32,159.365,1970
2020-10-23 08:40,159.31,159.31,159.25,159.3,1845
2020-10-23 08:41,159.3,159.37,159.3,159.37,1983
2020-10-23 08:42,159.46,159.46,159.34,159.3557,2815
2020-10-23 08:43,159.3994,159.3994,159.31,159.31,1948
2020-10-23 08:44,159.27,159.29,159.16,159.19,4013
2020-10-23 08:45,159.17,159.195,159.11,159.15,3852
2020-10-23 08:46,159.11,159.12,158.94,159.04,6481
2020-10-23 08:47,159.03,159.0804,159.03,159.06,2655
2020-10-23 08:48,159.03,159.08,158.99,158.99,2452
2020-10-23 08:49,159.07,159.11,159.07,159.11,1505
2020-10-23 08:50,159.09,159.25,159.09,159.25,2344
2020-10-23 08:51,159.23,159.23,159.21,159.21,1640
2020-10-23 08:52,159.125,159.19,159.125,159.17,2161
2020-10-23 08:53,159.15,159.27,159.15,159.27,2770
2020-10-23 08:54,159.26,159.26,159.26,159.26,531
2020-10-23 08:55,159.34,159.4,159.34,159.38,887
2020-10-23 08:56,159.375,159.42,159.375,159.41,1366
2020-10-23 08:57,159.38,159.39,159.38,159.39,1693
2020-10-23 08:58,159.43,159.43,159.39,159.4073,1715
2020-10-23 08:59,159.45,159.5,159.45,159.49,1755
2020-10-23 09:00,159.51,159.51,159.43,159.43,2214
2020-10-23 09:01,159.42,159.45,159.41,159.41,2522
2020-10-23 09:02,159.38,159.41,159.22,159.26,6730
2020-10-23 09:03,159.29,159.4,159.29,159.4,1910
2020-10-23 09:04,159.45,159.45,159.43,159.43,1352
2020-10-23 09:05,159.44,159.47,159.43,159.47,924
2020-10-23 09:06,159.51,159.51,159.47,159.48,984
2020-10-23 09:07,159.53,159.53,159.48,159.48,1282
2020-10-23 09:08,159.46,159.46,159.44,159.45,1624
2020-10-23 09:09,159.41,159.4809,159.41,159.4809,1537
2020-10-23 09:10,159.48,159.53,159.47,159.515,1480
2020-10-23 09:11,159.54,159.54,159.51,159.51,455
2020-10-23 09:12,159.5,159.52,159.5,159.52,1419
2020-10-23 09:13,159.52,159.54,159.48,159.5275,3232
2020-10-23 09:14,159.48,159.48,159.46,159.46,918
2020-10-23 09:15,159.396,159.42,159.396,159.42,1413
2020-10-23 09:16,159.435,159.435,159.09,159.23,12295
2020-10-23 09:17,159.2,159.21,159.02,159.15,13101
2020-10-23 09:18,159.04,159.2299,159.04,159.2299,2114
2020-10-23 09:19,159.18,159.18,159.12,159.15,1078
2020-10-23 09:20,159.11,159.11,158.88,158.88,3455
2020-10-23 09:21,158.88,158.98,158.88,158.95,4076
2020-10-23 09:22,158.93,158.945,158.91,158.945,1646
2020-10-23 09:23,158.955,159.05,158.87,158.87,12787
2020-10-23 09:24,158.91,158.95,158.91,158.95,1150
2020-10-23 09:25,158.995,159.04,158.995,159.04,1811
2020-10-23 09:26,159.06,159.11,159.04,159.0832,2724
2020-10-23 09:27,159.0944,159.0944,158.94,159.02,5387
2020-10-23 09:28,159.035,159.05,159,159,1390
2020-10-23 09:29,158.99,159.03,158.99,159.03,2532
2020-10-23 09:30,159.01,159.01,158.97,158.99,1586
2020-10-23 09:31,158.98,159.01,158.98,159.01,1128
2020-10-23 09:32,159.02,159.035,159.02,159.035,791
2020-10-23 09:33,159.04,159.11,159.04,159.09,4859
2020-10-23 09:34,159.09,159.11,159.08,159.08,3109
2020-10-23 09:35,159.0814,159.0999,159.065,159.065,2147
2020-10-23 09:36,159.08,159.11,159.04,159.11,1499
2020-10-23 09:37,159.1,159.12,159.06,159.0842,4043
2020-10-23 09:38,159.12,159.12,159.075,159.075,1320
2020-10-23 09:39,159.09,159.11,159.08,159.11,2166
2020-10-23 09:40,159.12,159.19,159.1,159.19,4551
2020-10-23 09:41,159.21,159.22,159.1,159.115,4574
2020-10-23 09:42,159.082,159.14,159.082,159.11,2503
2020-10-23 09:43,159.12,159.12,159.0299,159.065,3522
2020-10-23 09:44,159.1,159.16,159.08,159.16,2643
2020-10-23 09:45,159.16,159.17,159.093,159.13,4421
2020-10-23 09:46,159.1239,159.195,159.1239,159.18,5325
2020-10-23 09:47,159.19,159.19,159.135,159.135,1283
2020-10-23 09:48,159.12,159.155,159.09,159.1,3508
2020-10-23 09:49,159.15,159.22,159.15,159.22,1403
2020-10-23 09:50,159.2266,159.2266,159.1773,159.1773,907
2020-10-23 09:51,159.22,159.23,159.2,159.2,735
2020-10-23 09:52,159.26,159.29,159.23,159.23,1714
2020-10-23 09:53,159.22,159.22,159.1772,159.1772,2510
2020-10-23 09:54,159.14,159.14,159.07,159.09,3351
2020-10-23 09:55,159.12,159.23,159.12,159.23,1241
2020-10-23 09:56,159.2,159.2,159.145,159.145,951
2020-10-23 09:57,159.12,159.12,158.92,158.955,2748
2020-10-23 09:58,158.97,159.083,158.97,159.0218,3218
2020-10-23 09:59,159.03,159.04,158.99,159.03,1643
2020-10-23 10:00,159.01,159.105,158.98,159.105,2095
2020-10-23 10:01,159.15,159.3,159.15,159.3,3547
2020-10-23 10:02,159.27,159.395,159.25,159.395,2043
2020-10-23 10:03,159.435,159.48,159.4345,159.46,1457
2020-10-23 10:04,159.48,159.505,159.48,159.505,784
2020-10-23 10:05,159.51,159.53,159.48,159.5,3066
2020-10-23 10:06,159.5,159.52,159.47,159.52,1097
2020-10-23 10:07,159.545,159.55,159.5,159.55,335
2020-10-23 10:08,159.55,159.61,159.53,159.575,1599
2020-10-23 10:09,159.59,159.59,159.59,159.59,839
2020-10-23 10:10,159.61,159.61,159.59,159.59,497
2020-10-23 10:11,159.58,159.6,159.57,159.5888,1643
2020-10-23 10:12,159.6,159.6,159.56,159.58,1623
2020-10-23 10:13,159.61,159.61,159.61,159.61,431
2020-10-23 10:14,159.605,159.605,159.54,159.57,2089
2020-10-23 10:15,159.58,159.63,159.56,159.62,1727
2020-10-23 10:16,159.63,159.63,159.53,159.53,3264
2020-10-23 10:17,159.55,159.55,159.4881,159.515,911
2020-10-23 10:18,159.555,159.555,159.53,159.53,1117
2020-10-23 10:19,159.53,159.5647,159.53,159.53,2297
2020-10-23 10:20,159.54,159.65,159.54,159.64,2518
2020-10-23 10:21,159.66,159.69,159.66,159.69,1799
2020-10-23 10:22,159.71,159.71,159.68,159.6894,2285
2020-10-23 10:23,159.68,159.8,159.68,159.79,2276
2020-10-23 10:24,159.81,159.88,159.81,159.85,3181
2020-10-23 10:25,159.82,159.8629,159.81,159.81,2540
2020-10-23 10:26,159.81,159.81,159.785,159.785,1091
2020-10-23 10:27,159.8,159.82,159.78,159.82,1475
2020-10-23 10:28,159.78,159.78,159.76,159.7601,2699
2020-10-23 10:29,159.78,159.825,159.78,159.825,1784
2020-10-23 10:30,159.83,159.835,159.8023,159.825,604
2020-10-23 10:31,159.81,159.85,159.81,159.842,2256
2020-10-23 10:32,159.89,159.95,159.89,159.95,3089
2020-10-23 10:33,159.955,159.955,159.8,159.8,2187
2020-10-23 10:34,159.83,159.84,159.75,159.7575,2306
2020-10-23 10:35,159.75,159.8,159.745,159.8,2689
2020-10-23 10:36,159.81,159.845,159.7826,159.83,1231
2020-10-23 10:37,159.8,159.8,159.76,159.76,1146
2020-10-23 10:38,159.76,159.825,159.76,159.825,1147
2020-10-23 10:39,159.78,159.83,159.78,159.83,794
2020-10-23 10:40,159.81,159.81,159.71,159.745,2499
2020-10-23 10:41,159.765,159.765,159.75,159.75,545
2020-10-23 10:42,159.78,159.78,159.76,159.78,889
2020-10-23 10:43,159.78,159.81,159.77,159.78,2669
2020-10-23 10:44,159.8052,159.82,159.785,159.8182,898
2020-10-23 10:45,159.84,159.84,159.76,159.76,1856
2020-10-23 10:46,159.77,159.8,159.75,159.8,1294
2020-10-23 10:47,159.825,159.825,159.81,159.8191,1037
2020-10-23 10:48,159.82,159.8214,159.76,159.77,2965
2020-10-23 10:49,159.76,159.8,159.75,159.8,1902
2020-10-23 10:50,159.83,159.91,159.83,159.91,1479
2020-10-23 10:51,159.9175,159.9175,159.7797,159.7797,3038
2020-10-23 10:52,159.795,159.82,159.795,159.82,1272
2020-10-23 10:53,159.8,159.8417,159.79,159.8417,529
2020-10-23 10:54,159.81,159.846,159.81,159.81,1793
2020-10-23 10:55,159.8,159.82,159.78,159.8,1318
2020-10-23 10:56,159.8,159.85,159.8,159.84,1169
2020-10-23 10:57,159.865,159.865,159.8,159.8,3644
2020-10-23 10:58,159.83,159.84,159.8,159.83,1941
2020-10-23 10:59,159.82,159.83,159.81,159.81,1285
2020-10-23 11:00,159.8,159.825,159.8,159.81,2807
2020-10-23 11:01,159.805,159.805,159.805,159.805,328
2020-10-23 11:02,159.82,159.8217,159.78,159.79,3951
2020-10-23 11:03,159.78,159.78,159.735,159.75,2552
2020-10-23 11:04,159.75,159.76,159.74,159.745,3268
2020-10-23 11:05,159.75,159.89,159.75,159.89,2501
2020-10-23 11:06,159.87,159.87,159.81,159.81,1425
2020-10-23 11:07,159.8299,159.85,159.7775,159.85,2280
2020-10-23 11:08,159.83,159.8564,159.83,159.84,1770
2020-10-23 11:09,159.845,159.87,159.835,159.85,908
2020-10-23 11:10,159.855,159.87,159.79,159.79,3565
2020-10-23 11:11,159.78,159.79,159.74,159.79,1360
2020-10-23 11:12,159.81,159.81,159.8,159.81,776
2020-10-23 11:13,159.84,159.9,159.84,159.885,2079
2020-10-23 11:14,159.885,159.9,159.885,159.9,1270
2020-10-23 11:15,159.89,159.95,159.89,159.95,2904
2020-10-23 11:16,159.96,160.03,159.96,160.03,3968
2020-10-23 11:17,160.03,160.03,160.01,160.0172,2957
2020-10-23 11:18,160.0379,160.11,160.0379,160.06,3159
2020-10-23 11:19,160.015,160.042,159.995,159.995,2292
2020-10-23 11:20,159.995,160.03,159.995,160.02,1980
2020-10-23 11:21,160.05,160.06,160.05,160.0525,1944
2020-10-23 11:22,160.07,160.1,160.0635,160.0635,2664
2020-10-23 11:23,160.07,160.1,160.07,160.1,1776
2020-10-23 11:24,160.105,160.12,160.09,160.1,1526
2020-10-23 11:25,160.095,160.11,160.095,160.1,1333
2020-10-23 11:26,160.1046,160.13,160.06,160.06,2239
2020-10-23 11:27,160.0689,160.09,160.0689,160.09,1303
2020-10-23 11:28,160.07,160.1,160.05,160.08,1939
2020-10-23 11:29,160.09,160.12,160.08,160.095,4278
2020-10-23 11:30,160.0934,160.13,160.0934,160.13,1713
2020-10-23 11:31,160.1021,160.13,160.05,160.05,7341
2020-10-23 11:32,160.06,160.17,160.06,160.17,8831
2020-10-23 11:33,160.155,160.17,160.13,160.14,3242
2020-10-23 11:34,160.17,160.23,160.1401,160.22,1845
2020-10-23 11:35,160.2153,160.2742,160.2101,160.2101,6672
2020-10-23 11:36,160.235,160.235,160.15,160.19,13500
2020-10-23 11:37,160.2,160.27,160.2,160.27,1586
2020-10-23 11:38,160.275,160.292,160.25,160.292,1441
2020-10-23 11:39,160.31,160.31,160.19,160.21,4734
2020-10-23 11:40,160.19,160.19,160.1616,160.1616,804
2020-10-23 11:41,160.18,160.2168,160.16,160.18,2109
2020-10-23 11:42,160.14,160.18,160.13,160.15,2919
2020-10-23 11:43,160.16,160.16,159.98,160,8959
2020-10-23 11:44,159.97,160.02,159.86,159.86,6425
2020-10-23 11:45,159.895,159.895,159.82,159.84,2803
2020-10-23 11:46,159.8,159.85,159.79,159.83,1989
2020-10-23 11:47,159.84,159.98,159.83,159.97,3185
2020-10-23 11:48,159.94,159.95,159.9,159.9,1534
2020-10-23 11:49,159.9,159.92,159.88,159.91,3574
2020-10-23 11:50,159.9501,160.03,159.9501,160.02,1142
2020-10-23 11:51,159.98,160.07,159.98,160.07,2279
2020-10-23 11:52,160.1,160.11,160.015,160.015,3385
2020-10-23 11:53,160.01,160.03,159.95,159.955,4046
2020-10-23 11:54,159.9393,159.95,159.88,159.92,3838
2020-10-23 11:55,159.9,159.93,159.88,159.88,4686
2020-10-23 11:56,159.87,159.92,159.87,159.88,4068
2020-10-23 11:57,159.88,159.91,159.85,159.88,7117
2020-10-23 11:58,159.84,159.84,159.84,159.84,381
2020-10-23 11:59,159.845,159.86,159.82,159.86,4099
2020-10-23 12:00,159.8554,159.89,159.8554,159.89,1258
2020-10-23 12:01,159.91,159.91,159.8701,159.9,3269
2020-10-23 12:02,159.87,159.9,159.87,159.88,1377
2020-10-23 12:03,159.8824,159.92,159.87,159.91,4843
2020-10-23 12:04,159.93,159.94,159.89,159.9,4335
2020-10-23 12:05,159.92,159.95,159.91,159.94,3977
2020-10-23 12:06,159.94,159.96,159.94,159.94,3784
2020-10-23 12:07,159.9384,159.9384,159.92,159.92,867
2020-10-23 12:08,159.95,159.95,159.92,159.95,2756
2020-10-23 12:09,159.96,159.975,159.95,159.955,2399
2020-10-23 12:10,159.975,159.98,159.94,159.94,2689
2020-10-23 12:11,159.96,159.96,159.915,159.93,5123
2020-10-23 12:12,159.93,159.97,159.92,159.96,13810
2020-10-23 12:13,159.98,160.08,159.96,160.04,11744
2020-10-23 12:14,160.045,160.045,159.9842,159.99,4921
2020-10-23 12:15,159.99,159.99,159.95,159.95,4120
2020-10-23 12:16,159.98,159.99,159.94,159.99,4948
2020-10-23 12:17,160.01,160.03,159.98,159.98,4034
2020-10-23 12:18,159.96,160.015,159.94,160.0128,3211
2020-10-23 12:19,160.02,160.03,159.97,159.97,4016
2020-10-23 12:20,159.99,160,159.96,159.96,2355
2020-10-23 12:21,159.97,159.97,159.96,159.97,736
2020-10-23 12:22,159.96,160.012,159.96,159.99,3816
2020-10-23 12:23,160.02,160.02,159.99,160.005,5927
2020-10-23 12:24,160,160.01,159.94,159.94,4676
2020-10-23 12:25,159.96,159.979,159.9585,159.965,1701
2020-10-23 12:26,159.97,159.975,159.94,159.9655,2819
2020-10-23 12:27,159.98,160,159.9528,159.9528,3078
2020-10-23 12:28,159.96,159.98,159.96,159.98,2203
2020-10-23 12:29,159.98,160.01,159.96,160,6414
2020-10-23 12:30,159.99,160,159.96,160,3737
2020-10-23 12:31,159.975,160,159.95,159.97,4188
2020-10-23 12:32,159.95,159.99,159.94,159.94,2470
2020-10-23 12:33,159.95,159.97,159.94,159.95,5899
2020-10-23 12:34,159.96,159.9899,159.94,159.97,4949
2020-10-23 12:35,159.95,160.02,159.95,160,11809
2020-10-23 12:36,160.01,160.02,159.98,160,5563
2020-10-23 12:37,160.01,160.02,159.99,160.02,5062
2020-10-23 12:38,159.99,159.99,159.95,159.99,7142
2020-10-23 12:39,159.99,160.07,159.99,160.03,5072
2020-10-23 12:40,160.03,160.07,160.03,160.04,7451
2020-10-23 12:41,160.05,160.11,160.05,160.1,9141
2020-10-23 12:42,160.1,160.14,160.08,160.12,6451
2020-10-23 12:43,160.14,160.21,160.14,160.21,4742
2020-10-23 12:44,160.21,160.26,160.14,160.14,17116
2020-10-23 12:45,160.14,160.14,160.02,160.0567,17015
2020-10-23 12:46,160.09,160.135,160.04,160.04,6347
2020-10-23 12:47,160.05,160.11,160.04,160.09,6152
2020-10-23 12:48,160.1,160.14,160.1,160.12,4623
2020-10-23 12:49,160.12,160.12,160.07,160.11,10679
2020-10-23 12:50,160.13,160.26,160.13,160.23,15780
2020-10-23 12:51,160.25,160.28,160.24,160.27,12999
2020-10-23 12:52,160.27,160.35,160.27,160.31,14208
2020-10-23 12:53,160.31,160.35,160.31,160.32,12725
2020-10-23 12:54,160.31,160.32,160.25,160.255,24270
2020-10-23 12:55,160.26,160.26,160.17,160.175,25151
2020-10-23 12:56,160.175,160.175,160.08,160.13,32577
2020-10-23 12:57,160.125,160.22,160.12,160.2,29246
2020-10-23 12:58,160.21,160.32,160.2,160.215,22510
2020-10-23 12:59,160.24,160.27,160.13,160.23,45807
2020-10-26 06:32,158.84,159.217,158.84,159.145,73212
2020-10-26 06:33,159.165,159.165,158.91,158.91,4114
2020-10-26 06:34,158.89,158.89,158.63,158.83,6955
2020-10-26 06:35,158.9,159.26,158.9,159.25,3176
2020-10-26 06:36,159.25,159.39,159.19,159.25,7777
2020-10-26 06:37,159.26,159.37,159.12,159.125,4984
2020-10-26 06:38,159.045,159.125,158.9,158.98,4783
2020-10-26 06:39,158.9172,159.14,158.9172,159.13,4627
2020-10-26 06:40,159.0959,159.0959,158.86,158.86,5224
2020-10-26 06:41,158.7601,158.8399,158.64,158.64,9455
2020-10-26 06:42,158.6799,158.6799,158.54,158.5998,3482
2020-10-26 06:43,158.615,158.69,158.61,158.65,2458
2020-10-26 06:44,158.57,158.7412,158.55,158.7412,3954
2020-10-26 06:45,158.62,158.66,158.45,158.66,10846
2020-10-26 06:46,158.55,158.69,158.45,158.46,6168
2020-10-26 06:47,158.45,158.69,158.45,158.66,2189
2020-10-26 06:48,158.66,158.68,158.5872,158.64,1641
2020-10-26 06:49,158.64,158.64,158.45,158.6,7124
2020-10-26 06:50,158.66,158.68,158.56,158.62,2507
2020-10-26 06:51,158.53,158.71,158.51,158.62,15105
2020-10-26 06:52,158.625,158.72,158.57,158.67,4585
2020-10-26 06:53,158.7,158.765,158.7,158.76,2135
2020-10-26 06:54,158.86,158.9748,158.8275,158.935,4447
2020-10-26 06:55,158.89,158.89,158.65,158.65,6607
2020-10-26 06:56,158.65,158.72,158.57,158.72,4148
2020-10-26 06:57,158.73,158.94,158.73,158.94,3963
2020-10-26 06:58,158.87,159.06,158.85,158.96,5993
2020-10-26 06:59,158.95,158.97,158.86,158.935,4902
2020-10-26 07:00,158.88,158.97,158.85,158.85,8094
2020-10-26 07:01,158.89,159.172,158.85,159.055,6087
2020-10-26 07:02,159.0371,159.15,158.96,159.15,6939
2020-10-26 07:03,159.1583,159.17,159.085,159.12,7176
2020-10-26 07:04,159.11,159.11,158.9,158.925,4677
2020-10-26 07:05,158.925,159.03,158.925,158.96,6217
2020-10-26 07:06,158.98,159.03,158.94,158.95,5066
2020-10-26 07:07,158.92,158.92,158.72,158.81,5220
2020-10-26 07:08,158.785,158.83,158.75,158.78,2305
2020-10-26 07:09,158.705,158.76,158.6471,158.76,4646
2020-10-26 07:10,158.78,158.81,158.61,158.61,8449
2020-10-26 07:11,158.65,158.74,158.6133,158.6133,3729
2020-10-26 07:12,158.61,158.62,158.54,158.5713,3228
2020-10-26 07:13,158.55,158.55,158.45,158.5,8944
2020-10-26 07:14,158.45,158.5815,158.42,158.49,4567
2020-10-26 07:15,158.495,158.72,158.495,158.59,3595
2020-10-26 07:16,158.555,158.555,158.44,158.44,2698
2020-10-26 07:17,158.485,158.61,158.45,158.52,4546
2020-10-26 07:18,158.55,158.56,158.45,158.55,5755
2020-10-26 07:19,158.46,158.53,158.45,158.49,2268
2020-10-26 07:20,158.5201,158.59,158.5201,158.5499,3429
2020-10-26 07:21,158.48,158.4865,158.3101,158.4,16506
2020-10-26 07:22,158.37,158.6,158.3,158.6,5082
2020-10-26 07:23,158.52,158.61,158.5,158.535,3306
2020-10-26 07:24,158.56,158.56,158.35,158.395,3608
2020-10-26 07:25,158.39,158.5257,158.37,158.51,3161
2020-10-26 07:26,158.54,158.54,158.27,158.31,3862
2020-10-26 07:27,158.3,158.33,158.27,158.33,3309
2020-10-26 07:28,158.33,158.33,158.1,158.1,5231
2020-10-26 07:29,158.1,158.2,158.07,158.07,4667
2020-10-26 07:30,158.07,158.19,157.88,158.19,17469
2020-10-26 07:31,158.12,158.12,157.88,157.88,4351
2020-10-26 07:32,157.885,157.9,157.6,157.6,7007
2020-10-26 07:33,157.59,157.835,157.57,157.75,10900
2020-10-26 07:34,157.82,157.88,157.75,157.83,4720
2020-10-26 07:35,157.84,157.84,157.63,157.72,4567
2020-10-26 07:36,157.72,157.93,157.58,157.92,9213
2020-10-26 07:37,157.905,157.93,157.795,157.795,4920
2020-10-26 07:38,157.69,157.8002,157.69,157.8002,3609
2020-10-26 07:39,157.75,158.09,157.71,158.09,7339
2020-10-26 07:40,158.03,158.16,157.98,158.09,10976
2020-10-26 07:41,158.1282,158.13,158.05,158.115,6545
2020-10-26 07:42,158.1,158.2,158.015,158.19,5744
2020-10-26 07:43,158.2,158.3,158.17,158.2,11040
2020-10-26 07:44,158.19,158.33,158.19,158.28,4853
2020-10-26 07:45,158.28,158.38,158.23,158.37,7795
2020-10-26 07:46,158.375,158.375,158.26,158.3,7782
2020-10-26 07:47,158.25,158.32,158.22,158.22,3575
2020-10-26 07:48,158.2,158.215,157.95,157.995,9418
2020-10-26 07:49,158.02,158.02,157.8443,157.89,5399
2020-10-26 07:50,157.915,157.9348,157.85,157.85,2160
2020-10-26 07:51,157.85,158.08,157.79,158.06,11354
2020-10-26 07:52,158.06,158.06,157.945,157.9766,2814
2020-10-26 07:53,157.93,158.01,157.88,157.921,3085
2020-10-26 07:54,157.91,157.94,157.89,157.92,2238
2020-10-26 07:55,157.92,158.03,157.92,158.03,4034
2020-10-26 07:56,158.02,158.02,157.92,157.94,4443
2020-10-26 07:57,157.93,158,157.9,158,4394
2020-10-26 07:58,157.95,157.98,157.83,157.84,4012
2020-10-26 07:59,157.84,157.87,157.79,157.839,5501
2020-10-26 08:00,157.7,157.79,157.65,157.65,7381
2020-10-26 08:01,157.59,157.66,157.58,157.66,4804
2020-10-26 08:02,157.71,157.74,157.57,157.57,4091
2020-10-26 08:03,157.56,157.56,157.42,157.515,6666
2020-10-26 08:04,157.53,157.63,157.525,157.61,6069
2020-10-26 08:05,157.5689,157.66,157.51,157.56,3643
2020-10-26 08:06,157.56,157.58,157.5,157.56,4022
2020-10-26 08:07,157.56,157.58,157.505,157.58,3135
2020-10-26 08:08,157.57,157.57,157.47,157.49,4166
2020-10-26 08:09,157.46,157.46,157.37,157.46,8161
2020-10-26 08:10,157.475,157.48,157.4,157.4,4555
2020-10-26 08:11,157.47,157.67,157.4,157.67,8514
2020-10-26 08:12,157.68,157.68,157.57,157.58,4363
2020-10-26 08:13,157.53,157.58,157.44,157.56,3705
2020-10-26 08:14,157.54,157.5704,157.44,157.4748,4521
2020-10-26 08:15,157.44,157.45,157.15,157.15,8356
2020-10-26 08:16,157.19,157.24,157.07,157.07,9557
2020-10-26 08:17,157.06,157.07,156.93,157.05,11972
2020-10-26 08:18,157.05,157.08,156.9402,157.02,14619
2020-10-26 08:19,157.01,157.07,156.89,156.89,6673
2020-10-26 08:20,156.88,156.96,156.82,156.89,6637
2020-10-26 08:21,156.85,157.08,156.85,156.92,5825
2020-10-26 08:22,156.91,156.94,156.81,156.905,6156
2020-10-26 08:23,156.85,157.06,156.84,156.975,7662
2020-10-26 08:24,156.98,157.11,156.97,157.0816,6850
2020-10-26 08:25,157.01,157.13,157.01,157.115,4005
2020-10-26 08:26,157.13,157.222,157.1179,157.15,7816
2020-10-26 08:27,157.13,157.2799,157.12,157.17,3779
2020-10-26 08:28,157.15,157.15,156.99,157.07,4633
2020-10-26 08:29,157.05,157.05,156.94,156.96,4185
2020-10-26 08:30,156.95,157.03,156.88,156.88,4735
2020-10-26 08:31,156.89,156.9,156.71,156.71,5247
2020-10-26 08:32,156.78,156.83,156.72,156.8198,6019
2020-10-26 08:33,156.86,156.94,156.83,156.83,5503
2020-10-26 08:34,156.82,156.82,156.64,156.64,4797
2020-10-26 08:35,156.65,156.81,156.6101,156.7697,3748
2020-10-26 08:36,156.8,156.8754,156.79,156.81,5492
2020-10-26 08:37,156.79,156.8432,156.77,156.77,3829
2020-10-26 08:38,156.77,156.89,156.77,156.89,3236
2020-10-26 08:39,156.895,157.02,156.8875,157.01,4881
2020-10-26 08:40,156.95,157.11,156.8929,157.05,5496
2020-10-26 08:41,157.01,157.0999,156.9765,156.99,3422
2020-10-26 08:42,156.985,157.0661,156.98,157.04,4311
2020-10-26 08:43,156.92,156.98,156.88,156.96,4660
2020-10-26 08:44,156.92,157.07,156.88,157.07,3501
2020-10-26 08:45,157.055,157.2787,157.055,157.27,4390
2020-10-26 08:46,157.2846,157.325,157.1791,157.2458,4446
2020-10-26 08:47,157.21,157.32,157.21,157.32,2447
2020-10-26 08:48,157.3,157.37,157.215,157.33,3606
2020-10-26 08:49,157.33,157.51,157.29,157.41,6232
2020-10-26 08:50,157.375,157.38,157.23,157.29,4397
2020-10-26 08:51,157.36,157.49,157.34,157.355,14932
2020-10-26 08:52,157.359,157.54,157.359,157.45,6660
2020-10-26 08:53,157.415,157.44,157.35,157.35,4831
2020-10-26 08:54,157.4356,157.47,157.39,157.41,3618
2020-10-26 08:55,157.425,157.44,157.3,157.36,2920
2020-10-26 08:56,157.36,157.4,157.31,157.31,1747
2020-10-26 08:57,157.27,157.38,157.25,157.32,4618
2020-10-26 08:58,157.35,157.45,157.31,157.35,5388
2020-10-26 08:59,157.26,157.3,157.19,157.25,5850
2020-10-26 09:00,157.31,157.31,157.24,157.28,2430
2020-10-26 09:01,157.26,157.37,157.22,157.33,4298
2020-10-26 09:02,157.33,157.42,157.29,157.42,117513
2020-10-26 09:03,157.357,157.4949,157.357,157.49,3477
2020-10-26 09:04,157.49,157.585,157.46,157.56,2756
2020-10-26 09:05,157.585,157.642,157.585,157.62,1251
2020-10-26 09:06,157.6,157.6,157.555,157.56,4047
2020-10-26 09:07,157.53,157.68,157.53,157.65,5043
2020-10-26 09:08,157.69,157.8,157.67,157.8,5177
2020-10-26 09:09,157.77,157.77,157.63,157.66,4523
2020-10-26 09:10,157.69,157.79,157.65,157.68,1992
2020-10-26 09:11,157.6853,157.73,157.6686,157.6686,2452
2020-10-26 09:12,157.67,157.69,157.66,157.69,2122
2020-10-26 09:13,157.67,157.675,157.63,157.64,3006
2020-10-26 09:14,157.64,157.64,157.52,157.55,2087
2020-10-26 09:15,157.6,157.72,157.57,157.72,2612
2020-10-26 09:16,157.7445,157.8,157.74,157.74,2731
2020-10-26 09:17,157.74,157.74,157.66,157.67,2082
2020-10-26 09:18,157.67,157.72,157.625,157.625,1915
2020-10-26 09:19,157.68,157.78,157.6537,157.78,3921
2020-10-26 09:20,157.79,157.8104,157.65,157.68,4799
2020-10-26 09:21,157.716,157.76,157.68,157.76,1483
2020-10-26 09:22,157.767,157.8663,157.76,157.865,3040
2020-10-26 09:23,157.86,157.86,157.8,157.805,1478
2020-10-26 09:24,157.8,157.85,157.725,157.8,3577
2020-10-26 09:25,157.75,157.91,157.75,157.75,5483
2020-10-26 09:26,157.63,157.685,157.63,157.685,1016
2020-10-26 09:27,157.74,157.7507,157.7,157.75,2481
2020-10-26 09:28,157.75,157.895,157.71,157.895,1819
2020-10-26 09:29,157.892,157.97,157.85,157.97,4777
2020-10-26 09:30,157.91,157.91,157.71,157.75,4155
2020-10-26 09:31,157.75,157.78,157.74,157.77,3296
2020-10-26 09:32,157.71,157.73,157.58,157.6,4961
2020-10-26 09:33,157.56,157.56,157.49,157.55,3413
2020-10-26 09:34,157.51,157.51,157.39,157.41,3735
2020-10-26 09:35,157.46,157.63,157.46,157.55,2779
2020-10-26 09:36,157.5,157.69,157.5,157.68,11204
2020-10-26 09:37,157.65,157.65,157.61,157.63,1926
2020-10-26 09:38,157.61,157.61,157.5,157.5,1584
2020-10-26 09:39,157.5,157.597,157.49,157.597,2920
2020-10-26 09:40,157.61,157.74,157.61,157.66,4108
2020-10-26 09:41,157.6215,157.66,157.58,157.66,1769
2020-10-26 09:42,157.5701,157.65,157.5701,157.65,1834
2020-10-26 09:43,157.6,157.6064,157.565,157.575,3954
2020-10-26 09:44,157.57,157.725,157.57,157.7106,2755
2020-10-26 09:45,157.7,157.71,157.5801,157.59,4075
2020-10-26 09:46,157.595,157.6716,157.595,157.6259,3835
2020-10-26 09:47,157.62,157.65,157.595,157.622,4434
2020-10-26 09:48,157.65,157.67,157.58,157.58,6176
2020-10-26 09:49,157.56,157.57,157.495,157.535,2354
2020-10-26 09:50,157.54,157.54,157.46,157.46,1549
2020-10-26 09:51,157.45,157.575,157.45,157.5647,2908
2020-10-26 09:52,157.535,157.58,157.525,157.53,2808
2020-10-26 09:53,157.54,157.7,157.54,157.695,5145
2020-10-26 09:54,157.67,157.67,157.585,157.585,2427
2020-10-26 09:55,157.54,157.6,157.5,157.6,2983
2020-10-26 09:56,157.64,157.65,157.56,157.63,2264
2020-10-26 09:57,157.6,157.6,157.48,157.51,3121
2020-10-26 09:58,157.56,157.58,157.53,157.56,3005
2020-10-26 09:59,157.53,157.545,157.45,157.53,5083
2020-10-26 10:00,157.55,157.62,157.5,157.62,4324
2020-10-26 10:01,157.55,157.55,157.48,157.48,1658
2020-10-26 10:02,157.34,157.485,157.31,157.47,3565
2020-10-26 10:03,157.49,157.51,157.43,157.51,1387
2020-10-26 10:04,157.49,157.49,157.41,157.4528,4320
2020-10-26 10:05,157.43,157.46,157.38,157.415,6949
2020-10-26 10:06,157.38,157.38,157.18,157.27,10114
2020-10-26 10:07,157.27,157.31,157.25,157.27,2538
2020-10-26 10:08,157.26,157.295,157.1,157.1,5660
2020-10-26 10:09,157.14,157.339,157.13,157.339,4622
2020-10-26 10:10,157.37,157.47,157.35,157.4142,3336
2020-10-26 10:11,157.29,157.31,157.268,157.31,772
2020-10-26 10:12,157.28,157.31,157.23,157.23,3872
2020-10-26 10:13,157.2568,157.28,157.22,157.22,3183
2020-10-26 10:14,157.185,157.21,157.15,157.2,2967
2020-10-26 10:15,157.17,157.27,157.17,157.27,2691
2020-10-26 10:16,157.28,157.28,157.08,157.14,7780
2020-10-26 10:17,157.09,157.14,157.08,157.08,3389
2020-10-26 10:18,157.06,157.1,157.04,157.05,2534
2020-10-26 10:19,157.04,157.04,156.98,157.025,4885
2020-10-26 10:20,157.03,157.06,156.93,157.04,2275
2020-10-26 10:21,157.02,157.02,156.95,157.01,5994
2020-10-26 10:22,156.965,157.07,156.955,156.955,2937
2020-10-26 10:23,156.97,156.99,156.84,156.852,3438
2020-10-26 10:24,156.85,156.86,156.7884,156.7884,3347
2020-10-26 10:25,156.8182,156.9169,156.8182,156.87,4007
2020-10-26 10:26,156.835,156.835,156.675,156.675,3372
2020-10-26 10:27,156.69,156.78,156.68,156.77,3375
2020-10-26 10:28,156.78,156.78,156.71,156.725,3322
2020-10-26 10:29,156.7,156.7,156.67,156.67,1884
2020-10-26 10:30,156.67,156.67,156.3304,156.4,12794
2020-10-26 10:31,156.44,156.5,156.41,156.41,4428
2020-10-26 10:32,156.45,156.45,156.3035,156.41,3857
2020-10-26 10:33,156.36,156.42,156.35,156.42,4123
2020-10-26 10:34,156.355,156.43,156.34,156.43,2980
2020-10-26 10:35,156.44,156.46,156.3758,156.46,1838
2020-10-26 10:36,156.51,156.56,156.47,156.5067,2486
2020-10-26 10:37,156.47,156.49,156.36,156.366,4080
2020-10-26 10:38,156.51,156.615,156.51,156.615,2235
2020-10-26 10:39,156.628,156.635,156.59,156.59,2566
2020-10-26 10:40,156.585,156.6,156.47,156.6,5210
2020-10-26 10:41,156.5315,156.725,156.5315,156.714,4673
2020-10-26 10:42,156.8,156.8,156.7747,156.79,5263
2020-10-26 10:43,156.835,156.86,156.79,156.8,2015
2020-10-26 10:44,156.78,156.8,156.76,156.8,1793
2020-10-26 10:45,156.794,156.84,156.775,156.84,2924
2020-10-26 10:46,156.85,156.9025,156.8,156.8,3006
2020-10-26 10:47,156.786,156.84,156.786,156.84,1406
2020-10-26 10:48,156.87,157,156.87,156.99,1951
2020-10-26 10:49,156.94,157,156.94,157,1571
2020-10-26 10:50,157.005,157.04,156.91,157.04,4308
2020-10-26 10:51,157.1,157.13,157.05,157.11,1771
2020-10-26 10:52,157.02,157.065,157.01,157.05,2564
2020-10-26 10:53,157.05,157.13,157.05,157.13,1511
2020-10-26 10:54,157.1026,157.16,157.08,157.16,1558
2020-10-26 10:55,157.14,157.14,157.12,157.12,970
2020-10-26 10:56,157.1,157.19,157.07,157.182,3491
2020-10-26 10:57,157.18,157.24,157.18,157.2,3647
2020-10-26 10:58,157.22,157.22,157.15,157.2,2573
2020-10-26 10:59,157.2,157.27,157.2,157.27,1995
2020-10-26 11:00,157.2585,157.28,157.16,157.1863,3924
2020-10-26 11:01,157.21,157.3621,157.21,157.3621,3118
2020-10-26 11:02,157.35,157.35,157.3,157.324,1853
2020-10-26 11:03,157.35,157.41,157.35,157.41,2228
2020-10-26 11:04,157.37,157.4,157.33,157.37,2118
2020-10-26 11:05,157.374,157.4506,157.37,157.4506,1672
2020-10-26 11:06,157.46,157.625,157.46,157.49,4862
2020-10-26 11:07,157.47,157.57,157.47,157.53,1651
2020-10-26 11:08,157.53,157.53,157.4,157.51,3626
2020-10-26 11:09,157.505,157.505,157.4,157.4,2212
2020-10-26 11:10,157.39,157.59,157.39,157.54,3159
2020-10-26 11:11,157.53,157.59,157.51,157.52,2689
2020-10-26 11:12,157.48,157.51,157.3,157.4,4752
2020-10-26 11:13,157.3301,157.41,157.3301,157.39,2443
2020-10-26 11:14,157.38,157.4,157.37,157.4,596
2020-10-26 11:15,157.44,157.52,157.44,157.46,1859
2020-10-26 11:16,157.5,157.64,157.5,157.64,2380
2020-10-26 11:17,157.6303,157.6303,157.52,157.56,1963
2020-10-26 11:18,157.55,157.62,157.5451,157.5451,1962
2020-10-26 11:19,157.535,157.595,157.53,157.595,2300
2020-10-26 11:20,157.55,157.555,157.385,157.425,5634
2020-10-26 11:21,157.38,157.46,157.38,157.46,3883
2020-10-26 11:22,157.38,157.505,157.38,157.505,2489
2020-10-26 11:23,157.5119,157.522,157.445,157.445,2491
2020-10-26 11:24,157.4248,157.48,157.37,157.385,4234
2020-10-26 11:25,157.43,157.43,157.36,157.42,2751
2020-10-26 11:26,157.46,157.5899,157.46,157.58,1902
2020-10-26 11:27,157.5583,157.59,157.54,157.59,3030
2020-10-26 11:28,157.64,157.69,157.64,157.69,1803
2020-10-26 11:29,157.64,157.64,157.56,157.61,2645
2020-10-26 11:30,157.62,157.69,157.62,157.6332,3044
2020-10-26 11:31,157.63,157.66,157.56,157.56,3906
2020-10-26 11:32,157.56,157.685,157.555,157.685,4977
2020-10-26 11:33,157.67,157.67,157.625,157.625,1488
2020-10-26 11:34,157.66,157.69,157.65,157.66,1912
2020-10-26 11:35,157.63,157.67,157.61,157.63,3092
2020-10-26 11:36,157.6,157.6,157.49,157.55,3860
2020-10-26 11:37,157.57,157.62,157.54,157.54,3139
2020-10-26 11:38,157.57,157.57,157.46,157.49,2832
2020-10-26 11:39,157.54,157.59,157.49,157.49,1314
2020-10-26 11:40,157.5,157.68,157.5,157.64,3974
2020-10-26 11:41,157.6603,157.6603,157.56,157.585,4906
2020-10-26 11:42,157.56,157.56,157.48,157.54,3292
2020-10-26 11:43,157.58,157.66,157.58,157.66,2441
2020-10-26 11:44,157.63,157.63,157.56,157.575,2573
2020-10-26 11:45,157.58,157.59,157.33,157.42,3867
2020-10-26 11:46,157.46,157.46,157.4,157.41,2760
2020-10-26 11:47,157.4,157.41,157.38,157.4,1484
2020-10-26 11:48,157.4,157.44,157.34,157.39,3295
2020-10-26 11:49,157.3578,157.38,157.35,157.38,1025
2020-10-26 11:50,157.41,157.5,157.41,157.48,3253
2020-10-26 11:51,157.555,157.66,157.555,157.61,2016
2020-10-26 11:52,157.54,157.6,157.52,157.6,2723
2020-10-26 11:53,157.56,157.6,157.55,157.57,3358
2020-10-26 11:54,157.585,157.585,157.5301,157.58,2121
2020-10-26 11:55,157.5782,157.74,157.5782,157.67,3974
2020-10-26 11:56,157.66,157.66,157.64,157.6508,1605
2020-10-26 11:57,157.65,157.725,157.64,157.65,2186
2020-10-26 11:58,157.63,157.63,157.48,157.498,5682
2020-10-26 11:59,157.52,157.53,157.49,157.51,3286
2020-10-26 12:00,157.51,157.58,157.48,157.54,3638
2020-10-26 12:01,157.55,157.67,157.55,157.67,2317
2020-10-26 12:02,157.59,157.605,157.5401,157.59,1939
2020-10-26 12:03,157.54,157.54,157.43,157.43,2415
2020-10-26 12:04,157.42,157.49,157.42,157.44,3049
2020-10-26 12:05,157.44,157.44,157.31,157.31,2703
2020-10-26 12:06,157.31,157.41,157.31,157.39,3394
2020-10-26 12:07,157.385,157.53,157.385,157.53,2525
2020-10-26 12:08,157.43,157.43,157.315,157.37,4369
2020-10-26 12:09,157.38,157.395,157.34,157.38,986
2020-10-26 12:10,157.4,157.54,157.4,157.46,3785
2020-10-26 12:11,157.51,157.51,157.41,157.47,2104
2020-10-26 12:12,157.43,157.43,157.37,157.37,2594
2020-10-26 12:13,157.4,157.42,157.38,157.415,1678
2020-10-26 12:14,157.44,157.44,157.28,157.31,3118
2020-10-26 12:15,157.32,157.4243,157.32,157.4009,3073
2020-10-26 12:16,157.4475,157.4475,157.39,157.41,3570
2020-10-26 12:17,157.36,157.53,157.326,157.39,3480
2020-10-26 12:18,157.43,157.44,157.39,157.42,7577
2020-10-26 12:19,157.4078,157.4462,157.37,157.38,4253
2020-10-26 12:20,157.41,157.58,157.41,157.55,5394
2020-10-26 12:21,157.55,157.575,157.4758,157.4815,4972
2020-10-26 12:22,157.47,157.55,157.47,157.55,5445
2020-10-26 12:23,157.525,157.53,157.4,157.4,5723
2020-10-26 12:24,157.38,157.46,157.37,157.41,3764
2020-10-26 12:25,157.44,157.54,157.44,157.48,5704
2020-10-26 12:26,157.47,157.54,157.47,157.48,7970
2020-10-26 12:27,157.49,157.51,157.42,157.46,4116
2020-10-26 12:28,157.46,157.46,157.41,157.41,1170
2020-10-26 12:29,157.415,157.46,157.4,157.4,7916
2020-10-26 12:30,157.43,157.45,157.37,157.37,2419
2020-10-26 12:31,157.33,157.33,157.22,157.24,6464
2020-10-26 12:32,157.29,157.6,157.29,157.595,5509
2020-10-26 12:33,157.57,157.59,157.48,157.48,1921
2020-10-26 12:34,157.47,157.47,157.39,157.46,4930
2020-10-26 12:35,157.48,157.56,157.45,157.525,8412
2020-10-26 12:36,157.525,157.54,157.4,157.425,4660
2020-10-26 12:37,157.45,157.51,157.42,157.42,8624
2020-10-26 12:38,157.41,157.48,157.395,157.4,10285
2020-10-26 12:39,157.4275,157.463,157.31,157.463,10674
2020-10-26 12:40,157.39,157.5,157.39,157.455,9216
2020-10-26 12:41,157.45,157.485,157.41,157.485,8209
2020-10-26 12:42,157.47,157.5,157.45,157.46,5373
2020-10-26 12:43,157.43,157.43,157.37,157.37,4572
2020-10-26 12:44,157.39,157.39,157.26,157.265,7518
2020-10-26 12:45,157.21,157.34,157.21,157.3,13712
2020-10-26 12:46,157.27,157.285,157.13,157.145,15190
2020-10-26 12:47,157.11,157.15,157.06,157.09,11622
2020-10-26 12:48,157.06,157.11,156.96,156.985,16803
2020-10-26 12:49,156.99,157.12,156.935,157.07,15470
2020-10-26 12:50,157.12,157.17,156.98,157.145,18172
2020-10-26 12:51,157.1439,157.29,157.1439,157.18,8314
2020-10-26 12:52,157.2,157.34,157.2,157.31,7387
2020-10-26 12:53,157.32,157.32,157.18,157.2,10720
2020-10-26 12:54,157.205,157.38,157.16,157.2713,18339
2020-10-26 12:55,157.3,157.53,157.3,157.51,11699
2020-10-26 12:56,157.5,157.52,157.39,157.495,18871
2020-10-26 12:57,157.52,157.69,157.52,157.63,23967
2020-10-26 12:58,157.63,157.88,157.63,157.86,13929
2020-10-26 12:59,157.84,157.97,157.74,157.89,56542
2020-10-27 06:31,158.07,158.07,158.07,158.07,353
2020-10-27 06:32,158.02,158.13,157.94,157.94,64090
2020-10-27 06:33,157.895,158.11,157.8,157.8,8716
2020-10-27 06:34,157.82,157.82,157.53,157.53,6696
2020-10-27 06:35,157.63,157.77,157.57,157.76,7701
2020-10-27 06:36,157.865,157.93,157.69,157.7,9911
2020-10-27 06:37,157.7,157.89,157.69,157.7,6827
2020-10-27 06:38,157.695,157.695,157.435,157.435,2548
2020-10-27 06:39,157.38,157.5,157.2,157.21,4450
2020-10-27 06:40,157.22,157.245,157.02,157.05,5521
2020-10-27 06:41,157,157.045,156.74,156.81,13596
2020-10-27 06:42,156.95,157.41,156.95,157.41,2542
2020-10-27 06:43,157.41,157.43,157.14,157.25,8082
2020-10-27 06:44,157.1995,157.57,157.14,157.57,7398
2020-10-27 06:45,157.66,157.68,157.59,157.66,2271
2020-10-27 06:46,157.65,157.65,157.235,157.32,6360
2020-10-27 06:47,157.28,157.28,157.01,157.091,11314
2020-10-27 06:48,157.02,157.46,157.02,157.37,3848
2020-10-27 06:49,157.27,157.31,157.215,157.29,3584
2020-10-27 06:50,157.2,157.4,157.18,157.3852,4484
2020-10-27 06:51,157.44,157.53,157.42,157.46,3021
2020-10-27 06:52,157.51,157.68,157.31,157.325,13294
2020-10-27 06:53,157.27,157.45,157.27,157.44,1493
2020-10-27 06:54,157.46,157.64,157.39,157.64,3683
2020-10-27 06:55,157.59,157.68,157.55,157.67,9758
2020-10-27 06:56,157.64,157.68,157.55,157.68,3798
2020-10-27 06:57,157.665,157.6857,157.63,157.65,1992
2020-10-27 06:58,157.67,157.67,157.44,157.464,3276
2020-10-27 06:59,157.54,157.58,157.45,157.4935,2449
2020-10-27 07:00,157.434,157.49,157.23,157.2534,3125
2020-10-27 07:01,157.25,157.25,157.06,157.24,4451
2020-10-27 07:02,157.19,157.2,157.12,157.12,1864
2020-10-27 07:03,157.0501,157.13,157.02,157.09,3917
2020-10-27 07:04,157.13,157.13,156.83,156.845,4102
2020-10-27 07:05,156.84,157.08,156.84,156.985,3921
2020-10-27 07:06,157.045,157.1797,156.9906,157.1,5242
2020-10-27 07:07,157.145,157.34,157.11,157.32,4093
2020-10-27 07:08,157.34,157.34,157.25,157.31,1947
2020-10-27 07:09,157.383,157.4108,157.36,157.4083,3605
2020-10-27 07:10,157.38,157.4399,157.345,157.4399,1844
2020-10-27 07:11,157.42,157.44,157.33,157.345,4070
2020-10-27 07:12,157.28,157.4399,157.26,157.39,3697
2020-10-27 07:13,157.44,157.44,157.32,157.33,2157
2020-10-27 07:14,157.42,157.42,157.29,157.34,2400
2020-10-27 07:15,157.2537,157.37,157.16,157.21,7393
2020-10-27 07:16,157.25,157.255,157.2,157.2044,1414
2020-10-27 07:17,157.15,157.23,157.12,157.19,2565
2020-10-27 07:18,157.17,157.23,157.07,157.1,2996
2020-10-27 07:19,157.06,157.095,157.06,157.095,703
2020-10-27 07:20,157.13,157.14,157.0301,157.09,623
2020-10-27 07:21,157.04,157.04,156.97,157,1806
2020-10-27 07:22,156.98,157.064,156.89,157.064,4755
2020-10-27 07:23,157.015,157.04,156.92,156.975,1556
2020-10-27 07:24,156.95,157.04,156.95,157.01,3010
2020-10-27 07:25,157.05,157.05,156.88,156.88,1394
2020-10-27 07:26,156.95,157,156.925,156.985,2936
2020-10-27 07:27,157.01,157.05,156.97,157.02,2566
2020-10-27 07:28,157.0067,157.0067,156.89,156.945,2311
2020-10-27 07:29,156.945,157.04,156.91,157,8946
2020-10-27 07:30,156.99,157.05,156.92,157,9007
2020-10-27 07:31,157,157.02,156.88,156.915,4186
2020-10-27 07:32,156.89,156.92,156.839,156.91,2808
2020-10-27 07:33,157,157.045,156.95,157.045,11294
2020-10-27 07:34,157.045,157.28,157.045,157.26,5755
2020-10-27 07:35,157.28,157.28,157.18,157.18,3124
2020-10-27 07:36,157.18,157.2,157.1145,157.18,2156
2020-10-27 07:37,157.14,157.322,157.115,157.3,5725
2020-10-27 07:38,157.32,157.4,157.22,157.4,4258
2020-10-27 07:39,157.38,157.44,157.34,157.3721,4533
2020-10-27 07:40,157.36,157.41,157.344,157.38,5875
2020-10-27 07:41,157.38,157.74,157.35,157.74,15481
2020-10-27 07:42,157.715,158.01,157.715,157.93,19856
2020-10-27 07:43,157.965,157.98,157.93,157.98,4409
2020-10-27 07:44,158,158.04,157.72,157.76,9035
2020-10-27 07:45,157.75,157.855,157.71,157.8,6361
2020-10-27 07:46,157.8,157.93,157.75,157.93,11757
2020-10-27 07:47,157.945,158.14,157.64,158.135,32444
2020-10-27 07:48,158.18,158.51,158.18,158.485,9729
2020-10-27 07:49,158.515,158.55,158.44,158.48,7969
2020-10-27 07:50,158.51,158.67,158.51,158.565,4734
2020-10-27 07:51,158.58,158.64,158.48,158.585,7914
2020-10-27 07:52,158.64,158.66,158.585,158.595,12588
2020-10-27 07:53,158.605,158.64,158.485,158.55,11533
2020-10-27 07:54,158.54,158.65,158.46,158.65,3576
2020-10-27 07:55,158.67,158.795,158.65,158.78,8400
2020-10-27 07:56,158.805,158.805,158.68,158.695,2674
2020-10-27 07:57,158.695,158.81,158.695,158.81,6006
2020-10-27 07:58,158.84,158.88,158.74,158.78,8051
2020-10-27 07:59,158.78,158.81,158.63,158.63,6330
2020-10-27 08:00,158.67,158.735,158.62,158.715,7227
2020-10-27 08:01,158.73,158.78,158.63,158.66,3788
2020-10-27 08:02,158.66,158.695,158.6,158.695,4193
2020-10-27 08:03,158.72,158.7636,158.64,158.6699,2810
2020-10-27 08:04,158.58,158.64,158.5207,158.615,4192
2020-10-27 08:05,158.64,158.68,158.58,158.68,5652
2020-10-27 08:06,158.695,158.7,158.56,158.65,2482
2020-10-27 08:07,158.65,158.65,158.4583,158.4583,4346
2020-10-27 08:08,158.5,158.5,158.4,158.4,2768
2020-10-27 08:09,158.39,158.57,158.36,158.4625,6271
2020-10-27 08:10,158.46,158.46,158.33,158.33,2589
2020-10-27 08:11,158.3104,158.37,158.285,158.31,3622
2020-10-27 08:12,158.24,158.32,158.24,158.29,5037
2020-10-27 08:13,158.285,158.32,158.12,158.14,2862
2020-10-27 08:14,158.1,158.195,158.07,158.17,3200
2020-10-27 08:15,158.11,158.17,158.09,158.17,4220
2020-10-27 08:16,158.1658,158.216,158.12,158.17,2441
2020-10-27 08:17,158.1,158.1,158.01,158.01,1627
2020-10-27 08:18,158,158,157.83,157.88,3833
2020-10-27 08:19,157.88,158.035,157.84,158.035,5594
2020-10-27 08:20,158.01,158.0208,157.97,157.97,2345
2020-10-27 08:21,158,158.0599,158,158.05,3175
2020-10-27 08:22,158.04,158.07,158.005,158.005,3225
2020-10-27 08:23,158,158.06,158,158.02,1717
2020-10-27 08:24,157.99,158,157.93,157.97,8287
2020-10-27 08:25,157.93,157.95,157.88,157.88,4215
2020-10-27 08:26,157.885,157.93,157.885,157.89,2842
2020-10-27 08:27,157.83,157.8726,157.72,157.72,4095
2020-10-27 08:28,157.7,157.73,157.57,157.57,3234
2020-10-27 08:29,157.55,157.58,157.55,157.57,2102
2020-10-27 08:30,157.57,157.59,157.565,157.565,1038
2020-10-27 08:31,157.5,157.56,157.47,157.56,2766
2020-10-27 08:32,157.44,157.458,157.355,157.405,1244
2020-10-27 08:33,157.415,157.415,157.31,157.33,1180
2020-10-27 08:34,157.37,157.43,157.3,157.32,6678
2020-10-27 08:35,157.285,157.35,157.21,157.3,3059
2020-10-27 08:36,157.32,157.455,157.32,157.455,3255
2020-10-27 08:37,157.44,157.5,157.33,157.42,6520
2020-10-27 08:38,157.43,157.48,157.39,157.425,4547
2020-10-27 08:39,157.38,157.38,157.3462,157.38,1834
2020-10-27 08:40,157.42,157.49,157.41,157.46,2318
2020-10-27 08:41,157.41,157.425,157.41,157.425,735
2020-10-27 08:42,157.4,157.4,157.36,157.36,1074
2020-10-27 08:43,157.385,157.465,157.385,157.415,2229
2020-10-27 08:44,157.445,157.455,157.41,157.455,1390
2020-10-27 08:45,157.44,157.4618,157.41,157.41,3583
2020-10-27 08:46,157.4,157.53,157.3906,157.53,1938
2020-10-27 08:47,157.53,157.54,157.43,157.48,2775
2020-10-27 08:48,157.46,157.49,157.38,157.445,2236
2020-10-27 08:49,157.445,157.52,157.43,157.51,3232
2020-10-27 08:50,157.52,157.56,157.506,157.56,3126
2020-10-27 08:51,157.565,157.59,157.54,157.59,2461
2020-10-27 08:52,157.6,157.7,157.58,157.69,3334
2020-10-27 08:53,157.73,157.73,157.65,157.68,1942
2020-10-27 08:54,157.56,157.595,157.56,157.565,1583
2020-10-27 08:55,157.54,157.67,157.54,157.67,2922
2020-10-27 08:56,157.68,157.75,157.68,157.75,1086
2020-10-27 08:57,157.805,157.9,157.78,157.82,3649
2020-10-27 08:58,157.82,157.9,157.82,157.85,3147
2020-10-27 08:59,157.8275,157.8275,157.75,157.77,1581
2020-10-27 09:00,157.8,157.82,157.705,157.705,1657
2020-10-27 09:01,157.66,157.71,157.655,157.69,2328
2020-10-27 09:02,157.71,157.71,157.66,157.67,1515
2020-10-27 09:03,157.69,157.83,157.69,157.8,2364
2020-10-27 09:04,157.83,157.845,157.805,157.8306,3426
2020-10-27 09:05,157.82,157.88,157.78,157.825,3852
2020-10-27 09:06,157.82,157.82,157.65,157.65,5760
2020-10-27 09:07,157.66,157.67,157.62,157.67,4291
2020-10-27 09:08,157.67,157.705,157.67,157.692,1602
2020-10-27 09:09,157.63,157.68,157.58,157.58,4277
2020-10-27 09:10,157.65,157.66,157.605,157.625,3398
2020-10-27 09:11,157.65,157.65,157.54,157.6,5149
2020-10-27 09:12,157.575,157.6373,157.575,157.6373,3613
2020-10-27 09:13,157.58,157.6,157.56,157.56,1589
2020-10-27 09:14,157.58,157.67,157.56,157.59,3748
2020-10-27 09:15,157.59,157.61,157.5787,157.6,1899
2020-10-27 09:16,157.59,157.62,157.58,157.6,1133
2020-10-27 09:17,157.58,157.6,157.58,157.58,1230
2020-10-27 09:18,157.58,157.6,157.565,157.595,3495
2020-10-27 09:19,157.61,157.67,157.595,157.64,4044
2020-10-27 09:20,157.67,157.795,157.67,157.75,1886
2020-10-27 09:21,157.75,157.75,157.65,157.68,1588
2020-10-27 09:22,157.71,157.81,157.705,157.8,3563
2020-10-27 09:23,157.8035,157.81,157.705,157.71,3098
2020-10-27 09:24,157.7167,157.7613,157.71,157.74,1347
2020-10-27 09:25,157.75,157.78,157.73,157.73,3900
2020-10-27 09:26,157.73,157.8,157.63,157.75,8374
2020-10-27 09:27,157.75,157.75,157.56,157.63,2899
2020-10-27 09:28,157.61,157.64,157.55,157.55,2929
2020-10-27 09:29,157.555,157.58,157.55,157.55,1644
2020-10-27 09:30,157.58,157.58,157.46,157.46,3854
2020-10-27 09:31,157.51,157.625,157.49,157.58,4593
2020-10-27 09:32,157.535,157.565,157.39,157.47,2631
2020-10-27 09:33,157.475,157.52,157.47,157.47,4872
2020-10-27 09:34,157.44,157.44,157.38,157.4,2983
2020-10-27 09:35,157.36,157.39,157.33,157.37,2046
2020-10-27 09:36,157.39,157.43,157.38,157.41,4650
2020-10-27 09:37,157.41,157.65,157.41,157.55,14518
2020-10-27 09:38,157.57,157.64,157.53,157.64,12027
2020-10-27 09:39,157.62,157.85,157.62,157.8327,4531
2020-10-27 09:40,157.83,157.93,157.83,157.92,7163
2020-10-27 09:41,157.94,157.96,157.88,157.9,4792
2020-10-27 09:42,157.91,157.9595,157.85,157.87,3355
2020-10-27 09:43,157.85,157.85,157.78,157.801,3433
2020-10-27 09:44,157.8172,157.84,157.755,157.755,6069
2020-10-27 09:45,157.75,157.75,157.685,157.685,2073
2020-10-27 09:46,157.71,157.71,157.67,157.67,2943
2020-10-27 09:47,157.685,157.74,157.685,157.7,2971
2020-10-27 09:48,157.66,157.66,157.64,157.64,1692
2020-10-27 09:49,157.66,157.67,157.6,157.6,3025
2020-10-27 09:50,157.61,157.64,157.595,157.595,1826
2020-10-27 09:51,157.63,157.65,157.56,157.56,1454
2020-10-27 09:52,157.55,157.57,157.53,157.54,1837
2020-10-27 09:53,157.56,157.58,157.54,157.58,2103
2020-10-27 09:54,157.57,157.71,157.57,157.68,1579
2020-10-27 09:55,157.63,157.63,157.58,157.6,1206
2020-10-27 09:56,157.6022,157.63,157.6,157.6,1421
2020-10-27 09:57,157.6377,157.6377,157.55,157.55,2379
2020-10-27 09:58,157.54,157.54,157.45,157.48,5019
2020-10-27 09:59,157.51,157.58,157.51,157.58,2510
2020-10-27 10:00,157.67,157.67,157.57,157.595,1375
2020-10-27 10:01,157.57,157.57,157.56,157.56,799
2020-10-27 10:02,157.56,157.61,157.555,157.61,2190
2020-10-27 10:03,157.615,157.6393,157.55,157.58,1981
2020-10-27 10:04,157.56,157.62,157.56,157.62,815
2020-10-27 10:05,157.645,157.663,157.57,157.57,3832
2020-10-27 10:06,157.57,157.6199,157.55,157.61,3770
2020-10-27 10:07,157.64,157.69,157.62,157.65,2982
2020-10-27 10:08,157.6316,157.6316,157.57,157.57,753
2020-10-27 10:09,157.61,157.63,157.5,157.5,3195
2020-10-27 10:10,157.49,157.54,157.48,157.5,4963
2020-10-27 10:11,157.47,157.47,157.365,157.4183,4310
2020-10-27 10:12,157.43,157.44,157.365,157.395,3189
2020-10-27 10:13,157.41,157.42,157.37,157.395,2500
2020-10-27 10:14,157.41,157.42,157.34,157.34,4985
2020-10-27 10:15,157.36,157.4,157.33,157.33,2500
2020-10-27 10:16,157.35,157.35,157.33,157.335,1537
2020-10-27 10:17,157.32,157.41,157.27,157.41,2579
2020-10-27 10:18,157.44,157.44,157.41,157.44,945
2020-10-27 10:19,157.44,157.44,157.35,157.35,1399
2020-10-27 10:20,157.35,157.35,157.31,157.31,1272
2020-10-27 10:21,157.29,157.3,157.256,157.3,1046
2020-10-27 10:22,157.27,157.31,157.18,157.18,6773
2020-10-27 10:23,157.2075,157.325,157.2075,157.325,1257
2020-10-27 10:24,157.33,157.56,157.33,157.52,10513
2020-10-27 10:25,157.57,157.58,157.52,157.52,2206
2020-10-27 10:26,157.56,157.59,157.46,157.46,5066
2020-10-27 10:27,157.48,157.69,157.48,157.69,2619
2020-10-27 10:28,157.71,157.75,157.685,157.7059,2416
2020-10-27 10:29,157.74,157.74,157.65,157.65,2671
2020-10-27 10:30,157.63,157.71,157.62,157.69,3411
2020-10-27 10:31,157.67,157.79,157.66,157.79,2952
2020-10-27 10:32,157.83,157.84,157.73,157.73,13916
2020-10-27 10:33,157.77,157.84,157.7298,157.8399,3678
2020-10-27 10:34,157.76,157.7878,157.6873,157.6873,2834
2020-10-27 10:35,157.7159,157.7159,157.6316,157.6316,2741
2020-10-27 10:36,157.6699,157.68,157.6699,157.67,1155
2020-10-27 10:37,157.7,157.7,157.65,157.65,804
2020-10-27 10:38,157.69,157.69,157.66,157.66,1887
2020-10-27 10:39,157.685,157.71,157.67,157.71,1295
2020-10-27 10:40,157.72,157.7553,157.68,157.71,3690
2020-10-27 10:41,157.68,157.68,157.68,157.68,943
2020-10-27 10:42,157.67,157.7,157.67,157.7,3220
2020-10-27 10:43,157.705,157.705,157.66,157.66,1506
2020-10-27 10:44,157.65,157.7,157.65,157.7,629
2020-10-27 10:45,157.675,157.71,157.675,157.7,4416
2020-10-27 10:46,157.66,157.7029,157.61,157.61,3070
2020-10-27 10:47,157.62,157.715,157.62,157.69,2899
2020-10-27 10:48,157.69,157.78,157.68,157.6901,1458
2020-10-27 10:49,157.6883,157.71,157.68,157.695,1972
2020-10-27 10:50,157.735,157.765,157.73,157.765,1788
2020-10-27 10:51,157.73,157.76,157.73,157.752,1771
2020-10-27 10:52,157.68,157.68,157.6,157.645,3798
2020-10-27 10:53,157.655,157.655,157.64,157.64,561
2020-10-27 10:54,157.64,157.66,157.58,157.625,2703
2020-10-27 10:55,157.6626,157.6626,157.6193,157.6193,1424
2020-10-27 10:56,157.65,157.67,157.6471,157.665,1842
2020-10-27 10:57,157.69,157.71,157.68,157.69,1022
2020-10-27 10:58,157.6786,157.73,157.6786,157.7,858
2020-10-27 10:59,157.69,157.69,157.66,157.66,1683
2020-10-27 11:00,157.635,157.66,157.6,157.615,2115
2020-10-27 11:01,157.58,157.61,157.57,157.59,2392
2020-10-27 11:02,157.555,157.6,157.54,157.5528,1697
2020-10-27 11:03,157.59,157.625,157.59,157.625,804
2020-10-27 11:04,157.639,157.639,157.59,157.59,2555
2020-10-27 11:05,157.57,157.57,157.44,157.44,4057
2020-10-27 11:06,157.47,157.47,157.4,157.4,2356
2020-10-27 11:07,157.44,157.5,157.44,157.465,2834
2020-10-27 11:08,157.46,157.47,157.4,157.4,3115
2020-10-27 11:09,157.46,157.48,157.43,157.43,1846
2020-10-27 11:10,157.42,157.48,157.41,157.43,2210
2020-10-27 11:11,157.38,157.44,157.38,157.43,1948
2020-10-27 11:12,157.43,157.54,157.43,157.54,1592
2020-10-27 11:13,157.515,157.5671,157.515,157.535,2164
2020-10-27 11:14,157.52,157.58,157.52,157.58,1552
2020-10-27 11:15,157.5401,157.565,157.53,157.55,11988
2020-10-27 11:16,157.52,157.52,157.3547,157.44,6837
2020-10-27 11:17,157.42,157.4663,157.385,157.43,7850
2020-10-27 11:18,157.4395,157.4395,157.36,157.36,1204
2020-10-27 11:19,157.33,157.5,157.29,157.43,10846
2020-10-27 11:20,157.37,157.5,157.37,157.465,5250
2020-10-27 11:21,157.49,157.61,157.48,157.5,6473
2020-10-27 11:22,157.47,157.47,157.378,157.378,2173
2020-10-27 11:23,157.41,157.42,157.4,157.4,1212
2020-10-27 11:24,157.45,157.455,157.385,157.385,1673
2020-10-27 11:25,157.395,157.46,157.3943,157.46,1984
2020-10-27 11:26,157.42,157.44,157.36,157.36,3631
2020-10-27 11:27,157.38,157.48,157.38,157.48,2832
2020-10-27 11:28,157.47,157.47,157.43,157.45,4254
2020-10-27 11:29,157.47,157.47,157.41,157.41,779
2020-10-27 11:30,157.38,157.405,157.38,157.38,1071
2020-10-27 11:31,157.36,157.4,157.31,157.365,4613
2020-10-27 11:32,157.37,157.37,157.37,157.37,357
2020-10-27 11:33,157.37,157.39,157.325,157.39,2448
2020-10-27 11:34,157.38,157.4438,157.37,157.39,2343
2020-10-27 11:35,157.38,157.38,157.33,157.34,3467
2020-10-27 11:36,157.37,157.44,157.37,157.39,1491
2020-10-27 11:37,157.38,157.4,157.37,157.38,1586
2020-10-27 11:38,157.37,157.41,157.36,157.38,1480
2020-10-27 11:39,157.345,157.345,157.33,157.33,749
2020-10-27 11:40,157.335,157.335,157.23,157.27,2382
2020-10-27 11:41,157.275,157.29,157.245,157.25,3542
2020-10-27 11:42,157.25,157.25,157.14,157.19,3934
2020-10-27 11:43,157.175,157.2,157.11,157.11,3020
2020-10-27 11:44,157.13,157.185,157.13,157.185,1466
2020-10-27 11:45,157.18,157.18,157.035,157.04,4836
2020-10-27 11:46,157.03,157.03,156.97,157.025,6379
2020-10-27 11:47,157.025,157.15,157.02,157.15,4614
2020-10-27 11:48,157.19,157.22,157.15,157.175,1747
2020-10-27 11:49,157.25,157.405,157.15,157.17,12093
2020-10-27 11:50,157.15,157.15,157.11,157.12,3924
2020-10-27 11:51,157.15,157.2,157.1475,157.18,3948
2020-10-27 11:52,157.17,157.17,157.095,157.095,1574
2020-10-27 11:53,157.1,157.1,156.9893,156.9893,2847
2020-10-27 11:54,157.03,157.07,156.98,156.98,2869
2020-10-27 11:55,156.99,157.01,156.91,156.97,2842
2020-10-27 11:56,156.97,156.98,156.92,156.95,2291
2020-10-27 11:57,156.98,157.02,156.94,156.96,4750
2020-10-27 11:58,156.9255,156.9924,156.895,156.92,3448
2020-10-27 11:59,156.91,156.94,156.88,156.94,2960
2020-10-27 12:00,156.96,157,156.935,156.94,1793
2020-10-27 12:01,156.955,156.994,156.9301,156.994,2710
2020-10-27 12:02,156.97,156.9939,156.92,156.98,3014
2020-10-27 12:03,156.97,156.97,156.93,156.935,1278
2020-10-27 12:04,156.88,156.93,156.86,156.925,2413
2020-10-27 12:05,156.92,156.97,156.9,156.94,4207
2020-10-27 12:06,156.93,156.93,156.8,156.815,4111
2020-10-27 12:07,156.85,156.88,156.74,156.75,5055
2020-10-27 12:08,156.76,156.798,156.76,156.77,1090
2020-10-27 12:09,156.73,156.77,156.7,156.77,2909
2020-10-27 12:10,156.78,156.85,156.77,156.84,3282
2020-10-27 12:11,156.79,156.815,156.77,156.7955,2947
2020-10-27 12:12,156.82,156.825,156.8,156.8,1780
2020-10-27 12:13,156.8134,156.825,156.77,156.785,2151
2020-10-27 12:14,156.785,156.785,156.75,156.76,2432
2020-10-27 12:15,156.72,156.76,156.68,156.73,5122
2020-10-27 12:16,156.73,156.79,156.72,156.79,3472
2020-10-27 12:17,156.8,156.82,156.77,156.82,2259
2020-10-27 12:18,156.84,156.88,156.84,156.88,3035
2020-10-27 12:19,156.885,156.95,156.885,156.95,1946
2020-10-27 12:20,156.9539,156.963,156.89,156.955,3716
2020-10-27 12:21,157.0001,157.07,156.998,157.02,2915
2020-10-27 12:22,156.995,157.018,156.93,156.93,4340
2020-10-27 12:23,156.94,157.03,156.925,157.025,4780
2020-10-27 12:24,157.025,157.07,157.021,157.05,2560
2020-10-27 12:25,157.09,157.09,156.98,156.98,3736
2020-10-27 12:26,156.98,157,156.96,156.985,4566
2020-10-27 12:27,157,157.085,156.9964,157.05,2595
2020-10-27 12:28,157.0541,157.1201,157.045,157.1201,2289
2020-10-27 12:29,157.2,157.21,157.15,157.17,2727
2020-10-27 12:30,157.175,157.19,157.125,157.125,3803
2020-10-27 12:31,157.1,157.14,157.06,157.1153,3615
2020-10-27 12:32,157.1,157.16,157.095,157.125,4476
2020-10-27 12:33,157.15,157.15,157.09,157.09,2453
2020-10-27 12:34,157.095,157.17,157.09,157.16,2003
2020-10-27 12:35,157.14,157.23,157.14,157.19,4777
2020-10-27 12:36,157.2,157.23,157.175,157.178,2476
2020-10-27 12:37,157.213,157.23,157.17,157.2,3019
2020-10-27 12:38,157.195,157.24,157.16,157.23,2922
2020-10-27 12:39,157.2536,157.2536,157.18,157.21,4645
2020-10-27 12:40,157.225,157.32,157.225,157.32,3369
2020-10-27 12:41,157.31,157.35,157.29,157.33,7287
2020-10-27 12:42,157.35,157.36,157.285,157.35,2977
2020-10-27 12:43,157.34,157.35,157.25,157.25,3277
2020-10-27 12:44,157.24,157.285,157.24,157.285,3656
2020-10-27 12:45,157.29,157.35,157.165,157.2,6704
2020-10-27 12:46,157.2,157.22,157.13,157.145,4272
2020-10-27 12:47,157.16,157.16,157.12,157.14,3291
2020-10-27 12:48,157.11,157.11,156.95,157,5653
2020-10-27 12:49,156.99,157.06,156.99,157.06,4540
2020-10-27 12:50,157.02,157.15,156.98,157.15,20469
2020-10-27 12:51,157.17,157.17,157,157.03,10815
2020-10-27 12:52,157.04,157.06,156.94,156.98,8507
2020-10-27 12:53,156.99,157.26,156.99,157.23,9342
2020-10-27 12:54,157.2,157.3,157.18,157.29,4053
2020-10-27 12:55,157.31,157.31,157.03,157.03,15900
2020-10-27 12:56,156.99,157.0225,156.85,156.92,13330
2020-10-27 12:57,156.92,157.04,156.9,157.01,14814
2020-10-27 12:58,156.99,157.05,156.93,157.04,18509
2020-10-27 12:59,157.04,157.06,156.94,157.03,23995
2020-10-28 06:30,154.91,155.18,154.5,154.75,100178
2020-10-28 06:31,154.78,155.58,154.78,155.58,20372
2020-10-28 06:32,155.5648,156,155.38,155.9,10624
2020-10-28 06:33,155.9,156.04,155.665,155.69,9140
2020-10-28 06:34,155.8531,155.88,155.69,155.77,8214
2020-10-28 06:35,155.83,156.37,155.83,156.3479,4932
2020-10-28 06:36,156.48,156.64,156.4,156.46,8255
2020-10-28 06:37,156.46,156.53,156.347,156.53,11104
2020-10-28 06:38,156.48,156.525,156.46,156.4928,2921
2020-10-28 06:39,156.48,156.51,156.17,156.33,4335
2020-10-28 06:40,156.34,156.6,156.22,156.57,7233
2020-10-28 06:41,156.569,157,156.5434,156.73,9316
2020-10-28 06:42,156.8,156.9,156.68,156.865,5463
2020-10-28 06:43,156.88,157.0654,156.86,157.0654,10811
2020-10-28 06:44,157.09,157.27,157.09,157.18,5580
2020-10-28 06:45,157.19,157.22,157.06,157.17,7494
2020-10-28 06:46,157.18,157.21,156.95,156.9567,5865
2020-10-28 06:47,156.9422,156.96,156.84,156.95,7390
2020-10-28 06:48,156.91,157.14,156.9,156.9796,5616
2020-10-28 06:49,156.92,157,156.72,156.72,5352
2020-10-28 06:50,156.7,156.775,156.65,156.76,9683
2020-10-28 06:51,156.7,156.9928,156.65,156.93,6759
2020-10-28 06:52,156.96,156.96,156.74,156.81,5955
2020-10-28 06:53,156.85,156.85,156.69,156.69,4042
2020-10-28 06:54,156.7015,156.7015,156.61,156.65,9375
2020-10-28 06:55,156.64,156.6699,156.52,156.625,18760
2020-10-28 06:56,156.67,157.005,156.67,157.005,7056
2020-10-28 06:57,157.03,157.07,156.88,156.88,5067
2020-10-28 06:58,156.89,156.98,156.782,156.782,5360
2020-10-28 06:59,156.69,156.83,156.66,156.83,5499
2020-10-28 07:00,156.79,156.81,156.69,156.8,5845
2020-10-28 07:01,156.78,156.8,156.5,156.5,5827
2020-10-28 07:02,156.485,156.53,156.39,156.53,26892
2020-10-28 07:03,156.565,156.65,156.565,156.58,3056
2020-10-28 07:04,156.61,156.72,156.4562,156.4562,7651
2020-10-28 07:05,156.455,156.455,156.405,156.405,2629
2020-10-28 07:06,156.45,156.63,156.45,156.63,3935
2020-10-28 07:07,156.64,156.6991,156.59,156.6708,3564
2020-10-28 07:08,156.6898,156.87,156.65,156.835,3938
2020-10-28 07:09,156.84,156.93,156.78,156.93,4436
2020-10-28 07:10,156.82,156.91,156.7701,156.865,2007
2020-10-28 07:11,156.85,157.02,156.8,156.849,5980
2020-10-28 07:12,156.83,156.93,156.82,156.89,3821
2020-10-28 07:13,156.8562,156.8562,156.58,156.62,3743
2020-10-28 07:14,156.6,156.6,156.505,156.505,3024
2020-10-28 07:15,156.5,156.5,156.23,156.39,9310
2020-10-28 07:16,156.39,156.41,156.15,156.15,7360
2020-10-28 07:17,156.15,156.15,155.9,155.945,4515
2020-10-28 07:18,155.95,156.13,155.95,156.01,5719
2020-10-28 07:19,156.0393,156.0501,155.78,155.8,5317
2020-10-28 07:20,155.795,155.86,155.58,155.66,5880
2020-10-28 07:21,155.61,155.81,155.6,155.73,4143
2020-10-28 07:22,155.769,155.769,155.585,155.7,4906
2020-10-28 07:23,155.7677,155.7677,155.66,155.7,3126
2020-10-28 07:24,155.61,155.62,155.468,155.5,5972
2020-10-28 07:25,155.52,155.6,155.52,155.53,3284
2020-10-28 07:26,155.555,155.555,155.29,155.31,4802
2020-10-28 07:27,155.27,155.2722,155.11,155.11,3250
2020-10-28 07:28,155.14,155.25,155.03,155.03,6701
2020-10-28 07:29,155.04,155.22,154.87,155.22,8751
2020-10-28 07:30,155.1573,155.235,155.07,155.195,6501
2020-10-28 07:31,155.17,155.44,155.17,155.425,7508
2020-10-28 07:32,155.38,155.56,155.32,155.46,7631
2020-10-28 07:33,155.54,155.69,155.54,155.63,3616
2020-10-28 07:34,155.7,155.7,155.5121,155.575,1766
2020-10-28 07:35,155.49,155.57,155.455,155.542,2872
2020-10-28 07:36,155.51,155.61,155.45,155.48,4421
2020-10-28 07:37,155.54,155.55,155.43,155.49,1453
2020-10-28 07:38,155.485,155.56,155.41,155.535,9181
2020-10-28 07:39,155.485,155.5,155.35,155.5,6335
2020-10-28 07:40,155.5329,155.62,155.445,155.505,4251
2020-10-28 07:41,155.54,155.54,155.44,155.5,2443
2020-10-28 07:42,155.6,155.63,155.52,155.52,2671
2020-10-28 07:43,155.5,155.5,155.2215,155.3039,7587
2020-10-28 07:44,155.31,155.44,155.31,155.43,1215
2020-10-28 07:45,155.49,155.49,155.45,155.485,5170
2020-10-28 07:46,155.51,155.52,155.495,155.52,2911
2020-10-28 07:47,155.49,155.5,155.29,155.29,4851
2020-10-28 07:48,155.22,155.225,155,155.07,2400
2020-10-28 07:49,155.03,155.03,154.96,155.005,1730
2020-10-28 07:50,154.945,154.97,154.85,154.8501,4104
2020-10-28 07:51,154.8999,154.96,154.77,154.96,5371
2020-10-28 07:52,154.945,155.02,154.77,154.77,2104
2020-10-28 07:53,154.775,154.9599,154.65,154.9599,4373
2020-10-28 07:54,154.88,155.081,154.865,155.081,2161
2020-10-28 07:55,155.005,155.045,154.845,154.89,4714
2020-10-28 07:56,154.89,154.895,154.77,154.77,5341
2020-10-28 07:57,154.7701,154.81,154.575,154.6199,9126
2020-10-28 07:58,154.57,154.69,154.445,154.69,11334
2020-10-28 07:59,154.83,154.91,154.711,154.805,7991
2020-10-28 08:00,154.76,154.77,154.7,154.77,2788
2020-10-28 08:01,154.72,154.75,154.615,154.75,4271
2020-10-28 08:02,154.7105,154.7105,154.45,154.47,8145
2020-10-28 08:03,154.4784,154.48,154.29,154.3432,8511
2020-10-28 08:04,154.29,154.29,154.11,154.1599,6869
2020-10-28 08:05,154.15,154.37,154.15,154.37,2375
2020-10-28 08:06,154.48,154.56,154.455,154.52,2639
2020-10-28 08:07,154.5,154.71,154.5,154.5968,2313
2020-10-28 08:08,154.65,154.7,154.62,154.63,2355
2020-10-28 08:09,154.7,154.79,154.7,154.71,3094
2020-10-28 08:10,154.71,154.725,154.68,154.725,1498
2020-10-28 08:11,154.73,154.85,154.65,154.8,3413
2020-10-28 08:12,154.78,154.89,154.77,154.89,2283
2020-10-28 08:13,154.89,154.97,154.84,154.8801,2709
2020-10-28 08:14,154.925,155.13,154.87,155.12,2949
2020-10-28 08:15,155.13,155.13,155.005,155.005,2813
2020-10-28 08:16,155,155.017,154.94,155.017,2657
2020-10-28 08:17,155.015,155.04,154.91,154.92,2875
2020-10-28 08:18,154.89,154.975,154.88,154.9001,3120
2020-10-28 08:19,154.959,155.02,154.9496,154.9884,1817
2020-10-28 08:20,155.02,155.15,154.96,154.98,3891
2020-10-28 08:21,154.93,155.13,154.86,155.01,3957
2020-10-28 08:22,155,155.01,154.91,154.9151,12809
2020-10-28 08:23,155,155.05,154.97,155.0192,5670
2020-10-28 08:24,154.99,155.01,154.9414,155.01,4120
2020-10-28 08:25,155.0247,155.07,154.85,154.905,6028
2020-10-28 08:26,154.865,154.89,154.81,154.82,1872
2020-10-28 08:27,154.84,154.8623,154.8,154.8,3877
2020-10-28 08:28,154.785,155.04,154.785,155.02,22356
2020-10-28 08:29,155.05,155.13,155.05,155.12,2713
2020-10-28 08:30,155.11,155.12,155.06,155.08,2177
2020-10-28 08:31,155.085,155.32,155.06,155.32,21183
2020-10-28 08:32,155.33,155.4,155.22,155.3733,10346
2020-10-28 08:33,155.4,155.41,155.325,155.37,8455
2020-10-28 08:34,155.37,155.42,155.32,155.41,5335
2020-10-28 08:35,155.385,155.54,155.385,155.485,2026
2020-10-28 08:36,155.54,155.54,155.3952,155.47,1808
2020-10-28 08:37,155.34,155.45,155.325,155.45,4652
2020-10-28 08:38,155.46,155.4676,155.42,155.4676,1563
2020-10-28 08:39,155.47,155.4999,155.3726,155.3726,1962
2020-10-28 08:40,155.38,155.47,155.3529,155.47,7560
2020-10-28 08:41,155.459,155.55,155.42,155.55,4476
2020-10-28 08:42,155.55,155.5999,155.46,155.53,1413
2020-10-28 08:43,155.49,155.6763,155.49,155.6763,3466
2020-10-28 08:44,155.687,155.687,155.56,155.605,1817
2020-10-28 08:45,155.5,155.64,155.47,155.64,2310
2020-10-28 08:46,155.58,155.75,155.57,155.705,5819
2020-10-28 08:47,155.74,155.83,155.6819,155.76,5400
2020-10-28 08:48,155.73,155.86,155.71,155.8354,7291
2020-10-28 08:49,155.82,155.8456,155.69,155.69,5928
2020-10-28 08:50,155.715,155.715,155.61,155.66,6216
2020-10-28 08:51,155.6795,155.84,155.6795,155.83,4572
2020-10-28 08:52,155.84,155.84,155.775,155.81,2724
2020-10-28 08:53,155.84,155.94,155.8,155.94,3435
2020-10-28 08:54,155.93,155.99,155.88,155.99,3429
2020-10-28 08:55,155.99,155.99,155.89,155.905,3401
2020-10-28 08:56,155.95,156.02,155.95,156.02,3821
2020-10-28 08:57,156.06,156.3,156.06,156.225,5296
2020-10-28 08:58,156.22,156.22,156.14,156.22,4708
2020-10-28 08:59,156.21,156.22,156.09,156.1,6499
2020-10-28 09:00,156.11,156.11,156.01,156.0193,3475
2020-10-28 09:01,156,156.06,155.939,156,12941
2020-10-28 09:02,156.05,156.18,155.9905,156.1,5650
2020-10-28 09:03,156.04,156.15,156.01,156.15,6325
2020-10-28 09:04,156.05,156.06,156,156.05,4824
2020-10-28 09:05,156.04,156.05,155.9785,155.99,4405
2020-10-28 09:06,155.99,156.18,155.99,156.17,2544
2020-10-28 09:07,156.155,156.26,156.135,156.235,54270
2020-10-28 09:08,156.27,156.32,156.25,156.32,2849
2020-10-28 09:09,156.3006,156.36,156.29,156.29,2420
2020-10-28 09:10,156.3,156.3,156.1,156.16,3165
2020-10-28 09:11,156.14,156.28,156.14,156.28,3919
2020-10-28 09:12,156.31,156.42,156.28,156.42,3593
2020-10-28 09:13,156.45,156.46,156.32,156.455,4745
2020-10-28 09:14,156.45,156.56,156.41,156.455,3935
2020-10-28 09:15,156.46,156.65,156.46,156.65,4303
2020-10-28 09:16,156.62,156.68,156.6,156.65,9002
2020-10-28 09:17,156.685,156.75,156.64,156.7,3911
2020-10-28 09:18,156.66,156.79,156.66,156.68,5916
2020-10-28 09:19,156.71,156.72,156.62,156.68,4132
2020-10-28 09:20,156.7,156.755,156.51,156.5489,9073
2020-10-28 09:21,156.5221,156.555,156.45,156.455,1937
2020-10-28 09:22,156.36,156.41,156.24,156.26,1641
2020-10-28 09:23,156.19,156.2363,156.17,156.17,2141
2020-10-28 09:24,156.2,156.2,156.1,156.1,2853
2020-10-28 09:25,156.09,156.14,155.905,155.995,7977
2020-10-28 09:26,155.98,156.01,155.92,155.97,4258
2020-10-28 09:27,155.98,156.02,155.93,156.02,3063
2020-10-28 09:28,156.06,156.16,156.06,156.09,1949
2020-10-28 09:29,156.09,156.09,155.8701,155.97,5366
2020-10-28 09:30,155.9244,156.01,155.9244,155.955,2602
2020-10-28 09:31,155.915,156.03,155.915,156.03,1910
2020-10-28 09:32,155.97,156.04,155.97,156.02,861
2020-10-28 09:33,155.975,156.03,155.94,156.02,3506
2020-10-28 09:34,156.02,156.05,156.02,156.045,1330
2020-10-28 09:35,155.99,156.08,155.965,155.965,5373
2020-10-28 09:36,155.96,155.96,155.79,155.81,3967
2020-10-28 09:37,155.78,155.79,155.746,155.79,4369
2020-10-28 09:38,155.72,155.755,155.7,155.725,6223
2020-10-28 09:39,155.74,155.76,155.705,155.76,1057
2020-10-28 09:40,155.735,155.75,155.66,155.71,8492
2020-10-28 09:41,155.66,155.74,155.45,155.53,16371
2020-10-28 09:42,155.45,155.49,155.39,155.39,1098
2020-10-28 09:43,155.41,155.57,155.41,155.57,10638
2020-10-28 09:44,155.59,155.8,155.59,155.7603,21275
2020-10-28 09:45,155.73,155.81,155.71,155.77,6192
2020-10-28 09:46,155.73,155.85,155.68,155.82,6647
2020-10-28 09:47,155.85,155.85,155.72,155.74,8004
2020-10-28 09:48,155.75,155.8,155.7254,155.8,4648
2020-10-28 09:49,155.775,155.8,155.68,155.72,18745
2020-10-28 09:50,155.74,155.75,155.65,155.69,19378
2020-10-28 09:51,155.69,155.72,155.51,155.53,3587
2020-10-28 09:52,155.55,155.74,155.53,155.74,7572
2020-10-28 09:53,155.82,155.96,155.82,155.9361,3559
2020-10-28 09:54,155.91,155.94,155.81,155.87,1380
2020-10-28 09:55,155.835,155.87,155.751,155.795,3541
2020-10-28 09:56,155.795,155.925,155.76,155.925,2335
2020-10-28 09:57,155.91,156.01,155.91,155.98,3295
2020-10-28 09:58,155.95,155.95,155.805,155.93,4002
2020-10-28 09:59,155.885,155.885,155.8,155.82,1285
2020-10-28 10:00,155.75,155.815,155.7475,155.805,6030
2020-10-28 10:01,155.805,155.841,155.71,155.735,18184
2020-10-28 10:02,155.735,155.77,155.27,155.3,17707
2020-10-28 10:03,155.28,155.37,155.28,155.37,3559
2020-10-28 10:04,155.32,155.34,155.26,155.26,1824
2020-10-28 10:05,155.24,155.25,155.11,155.2,5424
2020-10-28 10:06,155.14,155.14,155.05,155.08,2818
2020-10-28 10:07,155.08,155.24,155.035,155.035,8008
2020-10-28 10:08,155.06,155.2,155.06,155.2,3712
2020-10-28 10:09,155.16,155.19,154.8701,154.8701,9002
2020-10-28 10:10,154.9,154.955,154.84,154.84,7579
2020-10-28 10:11,154.86,155,154.84,154.98,6657
2020-10-28 10:12,154.935,154.97,154.935,154.96,3621
2020-10-28 10:13,154.94,154.98,154.85,154.92,3843
2020-10-28 10:14,154.9,154.97,154.87,154.97,2643
2020-10-28 10:15,154.94,155,154.78,154.81,8631
2020-10-28 10:16,154.81,154.81,154.74,154.75,5037
2020-10-28 10:17,154.74,154.74,154.68,154.71,3495
2020-10-28 10:18,154.73,154.91,154.7224,154.9,9432
2020-10-28 10:19,154.94,155.14,154.89,155.13,16715
2020-10-28 10:20,155.13,155.14,155.03,155.065,3399
2020-10-28 10:21,155.04,155.11,155.0255,155.1,5642
2020-10-28 10:22,155.04,155.16,155.03,155.105,4003
2020-10-28 10:23,155.13,155.18,155.12,155.155,4866
2020-10-28 10:24,155.13,155.25,155.11,155.25,8915
2020-10-28 10:25,155.28,155.41,155.28,155.3733,3922
2020-10-28 10:26,155.32,155.35,155.22,155.3,4439
2020-10-28 10:27,155.3,155.345,155.25,155.25,3596
2020-10-28 10:28,155.22,155.38,155.22,155.38,3780
2020-10-28 10:29,155.38,155.52,155.38,155.52,1083
2020-10-28 10:30,155.47,155.5,155.43,155.48,4982
2020-10-28 10:31,155.47,155.49,155.4,155.43,2897
2020-10-28 10:32,155.47,155.47,155.39,155.42,978
2020-10-28 10:33,155.45,155.51,155.42,155.475,3978
2020-10-28 10:34,155.5,155.63,155.5,155.63,2974
2020-10-28 10:35,155.635,155.82,155.635,155.82,2200
2020-10-28 10:36,155.79,155.8705,155.79,155.8,1962
2020-10-28 10:37,155.8,155.845,155.765,155.81,2148
2020-10-28 10:38,155.75,155.76,155.53,155.565,5099
2020-10-28 10:39,155.5009,155.57,155.5,155.54,3433
2020-10-28 10:40,155.55,155.58,155.51,155.51,1927
2020-10-28 10:41,155.53,155.53,155.47,155.52,3009
2020-10-28 10:42,155.535,155.56,155.52,155.535,1162
2020-10-28 10:43,155.51,155.54,155.48,155.54,4544
2020-10-28 10:44,155.54,155.63,155.51,155.63,7576
2020-10-28 10:45,155.6,155.67,155.55,155.67,5879
2020-10-28 10:46,155.72,155.74,155.63,155.65,2554
2020-10-28 10:47,155.65,155.69,155.57,155.61,4620
2020-10-28 10:48,155.56,155.62,155.54,155.57,2623
2020-10-28 10:49,155.62,155.77,155.62,155.76,1796
2020-10-28 10:50,155.64,155.7,155.5561,155.56,2025
2020-10-28 10:51,155.58,155.615,155.53,155.615,6364
2020-10-28 10:52,155.53,155.72,155.53,155.72,6914
2020-10-28 10:53,155.605,155.66,155.51,155.52,1674
2020-10-28 10:54,155.506,155.68,155.506,155.68,3638
2020-10-28 10:55,155.63,155.685,155.63,155.68,2758
2020-10-28 10:56,155.68,155.68,155.64,155.6604,1373
2020-10-28 10:57,155.61,155.76,155.5401,155.5401,8177
2020-10-28 10:58,155.5,155.5,155.41,155.44,2735
2020-10-28 10:59,155.43,155.67,155.43,155.635,6487
2020-10-28 11:00,155.59,155.635,155.48,155.515,4777
2020-10-28 11:01,155.515,155.515,155.38,155.38,2936
2020-10-28 11:02,155.41,155.6,155.38,155.595,4345
2020-10-28 11:03,155.59,155.59,155.51,155.51,2511
2020-10-28 11:04,155.56,155.68,155.55,155.67,4687
2020-10-28 11:05,155.56,155.64,155.56,155.6,2900
2020-10-28 11:06,155.55,155.61,155.48,155.61,8327
2020-10-28 11:07,155.61,155.65,155.52,155.59,4430
2020-10-28 11:08,155.535,155.59,155.47,155.47,2837
2020-10-28 11:09,155.5,155.53,155.405,155.48,1395
2020-10-28 11:10,155.44,155.45,155.44,155.45,1297
2020-10-28 11:11,155.42,155.44,155.31,155.335,3796
2020-10-28 11:12,155.33,155.4,155.33,155.375,8169
2020-10-28 11:13,155.375,155.4,155.21,155.21,5842
2020-10-28 11:14,155.235,155.42,155.23,155.41,5531
2020-10-28 11:15,155.4,155.46,155.36,155.45,3955
2020-10-28 11:16,155.44,155.52,155.42,155.46,2631
2020-10-28 11:17,155.435,155.435,155.28,155.28,2139
2020-10-28 11:18,155.32,155.45,155.32,155.45,2160
2020-10-28 11:19,155.45,155.45,155.38,155.3885,1503
2020-10-28 11:20,155.395,155.5,155.395,155.49,2015
2020-10-28 11:21,155.48,155.595,155.48,155.595,3031
2020-10-28 11:22,155.61,155.625,155.56,155.59,2422
2020-10-28 11:23,155.55,155.59,155.5388,155.55,2480
2020-10-28 11:24,155.57,155.79,155.57,155.76,3092
2020-10-28 11:25,155.735,155.78,155.72,155.755,2114
2020-10-28 11:26,155.74,155.74,155.67,155.67,1909
2020-10-28 11:27,155.72,155.76,155.7183,155.7195,817
2020-10-28 11:28,155.76,155.94,155.7529,155.9,2914
2020-10-28 11:29,155.9107,155.93,155.88,155.93,1488
2020-10-28 11:30,155.895,156.03,155.89,155.89,4451
2020-10-28 11:31,155.88,155.88,155.77,155.81,1581
2020-10-28 11:32,155.745,155.805,155.705,155.705,1090
2020-10-28 11:33,155.71,155.75,155.7,155.7,6463
2020-10-28 11:34,155.68,155.78,155.68,155.78,3042
2020-10-28 11:35,155.765,155.765,155.6,155.64,4900
2020-10-28 11:36,155.625,155.67,155.57,155.57,2200
2020-10-28 11:37,155.62,155.71,155.605,155.68,3516
2020-10-28 11:38,155.69,155.75,155.655,155.67,3957
2020-10-28 11:39,155.635,155.76,155.635,155.68,3272
2020-10-28 11:40,155.71,155.76,155.68,155.73,5510
2020-10-28 11:41,155.6712,155.69,155.575,155.61,3549
2020-10-28 11:42,155.63,155.77,155.59,155.735,3213
2020-10-28 11:43,155.77,155.85,155.77,155.85,2662
2020-10-28 11:44,155.845,155.845,155.75,155.785,3360
2020-10-28 11:45,155.7858,155.845,155.72,155.845,2218
2020-10-28 11:46,155.83,155.9,155.805,155.9,2321
2020-10-28 11:47,155.865,155.901,155.77,155.87,5268
2020-10-28 11:48,155.83,155.91,155.8101,155.8578,4048
2020-10-28 11:49,155.84,155.87,155.8,155.825,3027
2020-10-28 11:50,155.845,155.93,155.845,155.88,2330
2020-10-28 11:51,155.855,155.855,155.69,155.8,4508
2020-10-28 11:52,155.7772,155.78,155.69,155.725,7186
2020-10-28 11:53,155.72,155.72,155.65,155.66,2224
2020-10-28 11:54,155.655,155.6798,155.56,155.59,5825
2020-10-28 11:55,155.5802,155.63,155.58,155.63,4331
2020-10-28 11:56,155.65,155.8,155.65,155.8,6075
2020-10-28 11:57,155.8,156.01,155.8,156.01,3919
2020-10-28 11:58,155.965,155.97,155.86,155.881,4113
2020-10-28 11:59,155.865,155.865,155.73,155.73,4784
2020-10-28 12:00,155.79,155.82,155.78,155.81,2831
2020-10-28 12:01,155.76,155.81,155.668,155.68,8927
2020-10-28 12:02,155.72,155.79,155.65,155.65,4065
2020-10-28 12:03,155.55,155.6,155.545,155.59,2816
2020-10-28 12:04,155.6,155.6,155.47,155.53,2683
2020-10-28 12:05,155.56,155.59,155.499,155.58,2807
2020-10-28 12:06,155.545,155.66,155.475,155.475,5262
2020-10-28 12:07,155.52,155.57,155.487,155.57,3708
2020-10-28 12:08,155.55,155.705,155.53,155.67,3182
2020-10-28 12:09,155.62,155.64,155.52,155.55,2376
2020-10-28 12:10,155.58,155.6,155.5,155.58,8464
2020-10-28 12:11,155.56,155.57,155.47,155.47,3508
2020-10-28 12:12,155.46,155.75,155.46,155.75,3529
2020-10-28 12:13,155.735,155.82,155.67,155.82,3148
2020-10-28 12:14,155.82,155.96,155.82,155.96,2815
2020-10-28 12:15,155.86,155.89,155.79,155.8075,2463
2020-10-28 12:16,155.82,155.87,155.74,155.79,5446
2020-10-28 12:17,155.78,155.82,155.7436,155.765,2135
2020-10-28 12:18,155.77,155.8159,155.76,155.8159,3449
2020-10-28 12:19,155.84,155.84,155.73,155.79,4990
2020-10-28 12:20,155.74,155.79,155.675,155.7,3178
2020-10-28 12:21,155.7,155.84,155.6885,155.82,4178
2020-10-28 12:22,155.81,155.97,155.8,155.955,3249
2020-10-28 12:23,155.98,156.11,155.955,156.105,5658
2020-10-28 12:24,156.08,156.2,155.99,156.175,7790
2020-10-28 12:25,156.16,156.16,156.07,156.13,3769
2020-10-28 12:26,156.105,156.16,156.105,156.16,443
2020-10-28 12:27,156.1241,156.17,156.051,156.14,5031
2020-10-28 12:28,156.11,156.127,156.01,156.06,3585
2020-10-28 12:29,156.02,156.055,155.9993,155.9993,2466
2020-10-28 12:30,155.98,156.16,155.98,156.14,6318
2020-10-28 12:31,156.14,156.21,156.125,156.14,2622
2020-10-28 12:32,156.182,156.33,156.09,156.24,4414
2020-10-28 12:33,156.21,156.282,156.21,156.27,2762
2020-10-28 12:34,156.2283,156.26,156.2,156.2066,3644
2020-10-28 12:35,156.205,156.24,156.0513,156.0513,6790
2020-10-28 12:36,156.1,156.14,155.9384,155.9384,9626
2020-10-28 12:37,155.963,156.01,155.86,156.01,5744
2020-10-28 12:38,155.96,155.984,155.9,155.984,5124
2020-10-28 12:39,155.9589,155.9899,155.81,155.81,6424
2020-10-28 12:40,155.82,155.891,155.81,155.82,5410
2020-10-28 12:41,155.84,155.87,155.75,155.81,7142
2020-10-28 12:42,155.81,155.985,155.81,155.94,7999
2020-10-28 12:43,155.93,155.94,155.8,155.92,4799
2020-10-28 12:44,155.9,155.9,155.72,155.765,9150
2020-10-28 12:45,155.76,155.81,155.75,155.81,5984
2020-10-28 12:46,155.83,155.8459,155.7,155.7,8763
2020-10-28 12:47,155.71,155.74,155.6,155.62,15925
2020-10-28 12:48,155.61,155.71,155.61,155.675,8004
2020-10-28 12:49,155.68,155.76,155.6,155.76,17799
2020-10-28 12:50,155.75,155.75,155.4,155.43,17579
2020-10-28 12:51,155.4,155.48,155.4,155.44,13477
2020-10-28 12:52,155.44,155.47,155.4,155.42,10562
2020-10-28 12:53,155.43,155.58,155.42,155.46,14955
2020-10-28 12:54,155.44,155.45,155.23,155.23,15722
2020-10-28 12:55,155.27,155.28,155.02,155.05,23317
2020-10-28 12:56,155.07,155.13,154.93,155.12,25518
2020-10-28 12:57,155.13,155.14,154.95,154.967,21379
2020-10-28 12:58,154.96,155.22,154.96,155.07,24348
2020-10-28 12:59,155.1,155.28,155,155.28,63006
2020-10-29 06:31,155.24,155.3,154.63,154.76,62313
2020-10-29 06:32,154.88,155.0179,154.52,154.88,5538
2020-10-29 06:33,155.06,155.28,155.06,155.25,3838
2020-10-29 06:34,155.19,155.19,154.782,155.02,2491
2020-10-29 06:35,154.895,154.895,154.45,154.47,5547
2020-10-29 06:36,154.615,154.6232,154.21,154.295,6490
2020-10-29 06:37,154.35,154.42,153.82,153.98,18106
2020-10-29 06:38,154,154.17,154,154.0133,2566
2020-10-29 06:39,153.98,153.98,153.66,153.6927,6105
2020-10-29 06:40,153.75,153.99,153.552,153.552,18389
2020-10-29 06:41,153.6276,153.65,153.373,153.3829,5975
2020-10-29 06:42,153.48,153.5794,153.465,153.47,5673
2020-10-29 06:43,153.6,153.87,153.4533,153.8302,5294
2020-10-29 06:44,153.76,153.81,153.6,153.81,6356
2020-10-29 06:45,153.82,153.89,153.67,153.745,5503
2020-10-29 06:46,153.82,154.3025,153.82,154.23,5792
2020-10-29 06:47,154.1,154.35,153.93,154.175,4339
2020-10-29 06:48,154.17,154.28,154.085,154.28,3166
2020-10-29 06:49,154.15,154.15,153.9601,154.09,3871
2020-10-29 06:50,154.04,154.28,153.933,154.28,4177
2020-10-29 06:51,154.25,154.33,154.09,154.32,3242
2020-10-29 06:52,154.4,154.42,154.24,154.27,3337
2020-10-29 06:53,154.2,154.38,154.11,154.295,6151
2020-10-29 06:54,154.25,154.5,154.25,154.4778,2048
2020-10-29 06:55,154.45,154.552,154.39,154.48,3356
2020-10-29 06:56,154.5295,154.71,154.44,154.71,3361
2020-10-29 06:57,154.71,154.71,154.5,154.5152,2706
2020-10-29 06:58,154.535,154.56,154.43,154.4742,4595
2020-10-29 06:59,154.48,154.62,154.42,154.5594,2865
2020-10-29 07:00,154.44,154.53,154.37,154.495,4364
2020-10-29 07:01,154.61,154.68,154.32,154.4254,6814
2020-10-29 07:02,154.34,154.63,154.3,154.59,6838
2020-10-29 07:03,154.69,154.85,154.65,154.83,5584
2020-10-29 07:04,154.82,154.82,154.73,154.73,1647
2020-10-29 07:05,154.73,154.775,154.43,154.53,4527
2020-10-29 07:06,154.495,154.54,154.34,154.54,4031
2020-10-29 07:07,154.41,154.52,154.3701,154.49,5892
2020-10-29 07:08,154.42,154.48,154.285,154.44,2691
2020-10-29 07:09,154.385,154.43,154.2301,154.375,5010
2020-10-29 07:10,154.44,154.56,154.41,154.46,6157
2020-10-29 07:11,154.37,154.41,154.23,154.32,6536
2020-10-29 07:12,154.21,154.41,154.01,154.01,5134
2020-10-29 07:13,154.12,154.13,153.97,154.07,3994
2020-10-29 07:14,153.98,154.03,153.87,153.96,4168
2020-10-29 07:15,153.97,154.12,153.96,153.985,4391
2020-10-29 07:16,153.9001,154.26,153.9001,154.26,2944
2020-10-29 07:17,154.16,154.7,154.16,154.58,5635
2020-10-29 07:18,154.57,154.57,154.48,154.5,2928
2020-10-29 07:19,154.49,154.5,154.344,154.344,4524
2020-10-29 07:20,154.38,154.43,154.24,154.4,6099
2020-10-29 07:21,154.44,154.49,154.37,154.42,1816
2020-10-29 07:22,154.43,154.7189,154.4101,154.7189,3356
2020-10-29 07:23,154.61,154.6416,154.551,154.551,1600
2020-10-29 07:24,154.6369,154.69,154.515,154.515,5639
2020-10-29 07:25,154.45,154.57,154.41,154.535,3662
2020-10-29 07:26,154.47,154.67,154.42,154.67,8612
2020-10-29 07:27,154.66,154.69,154.56,154.655,3287
2020-10-29 07:28,154.65,154.66,154.62,154.62,2288
2020-10-29 07:29,154.64,154.71,154.6,154.65,2532
2020-10-29 07:30,154.7083,154.7083,154.56,154.65,5403
2020-10-29 07:31,154.56,154.64,154.55,154.56,6176
2020-10-29 07:32,154.6,154.6,154.42,154.44,5789
2020-10-29 07:33,154.42,154.67,154.42,154.57,3617
2020-10-29 07:34,154.54,154.58,154.48,154.58,2052
2020-10-29 07:35,154.49,154.56,154.47,154.5,3116
2020-10-29 07:36,154.44,154.49,154.4,154.46,4754
2020-10-29 07:37,154.45,154.59,154.4396,154.51,7369
2020-10-29 07:38,154.6,154.82,154.58,154.76,3800
2020-10-29 07:39,154.76,154.87,154.75,154.81,3720
2020-10-29 07:40,154.8132,154.86,154.75,154.8,4937
2020-10-29 07:41,154.72,154.75,154.67,154.74,3611
2020-10-29 07:42,154.73,154.79,154.65,154.79,4927
2020-10-29 07:43,154.69,154.69,154.65,154.685,1929
2020-10-29 07:44,154.71,154.74,154.68,154.68,1720
2020-10-29 07:45,154.73,154.79,154.69,154.73,3761
2020-10-29 07:46,154.68,154.75,154.63,154.67,3346
2020-10-29 07:47,154.63,154.79,154.61,154.62,8144
2020-10-29 07:48,154.64,154.67,154.6,154.61,2801
2020-10-29 07:49,154.56,154.6,154.5167,154.6,2143
2020-10-29 07:50,154.61,154.64,154.56,154.56,3284
2020-10-29 07:51,154.54,154.56,154.394,154.394,3915
2020-10-29 07:52,154.37,154.41,154.338,154.41,5148
2020-10-29 07:53,154.39,154.51,154.39,154.51,2245
2020-10-29 07:54,154.43,154.62,154.4298,154.62,4493
2020-10-29 07:55,154.62,154.62,154.38,154.38,4839
2020-10-29 07:56,154.42,154.69,154.39,154.69,3797
2020-10-29 07:57,154.665,154.76,154.665,154.75,2066
2020-10-29 07:58,154.69,154.7,154.5,154.5,2352
2020-10-29 07:59,154.57,154.69,154.57,154.69,2410
2020-10-29 08:00,154.64,154.75,154.6,154.68,7543
2020-10-29 08:01,154.635,154.635,154.33,154.33,3371
2020-10-29 08:02,154.34,154.49,154.34,154.41,3436
2020-10-29 08:03,154.47,154.54,154.42,154.54,4633
2020-10-29 08:04,154.52,154.53,154.3613,154.3749,2673
2020-10-29 08:05,154.405,154.43,154.355,154.355,666
2020-10-29 08:06,154.35,154.46,154.33,154.46,4527
2020-10-29 08:07,154.49,154.53,154.44,154.48,5172
2020-10-29 08:08,154.53,154.54,154.38,154.49,3838
2020-10-29 08:09,154.53,154.635,154.53,154.57,1741
2020-10-29 08:10,154.485,154.49,154.455,154.49,1537
2020-10-29 08:11,154.44,154.5,154.415,154.5,1861
2020-10-29 08:12,154.5644,154.6,154.55,154.58,2620
2020-10-29 08:13,154.53,154.54,154.423,154.485,1856
2020-10-29 08:14,154.53,154.62,154.52,154.62,1612
2020-10-29 08:15,154.57,154.73,154.57,154.73,3532
2020-10-29 08:16,154.69,154.69,154.61,154.65,2227
2020-10-29 08:17,154.62,154.7,154.62,154.7,1820
2020-10-29 08:18,154.74,154.74,154.7,154.7,1273
2020-10-29 08:19,154.75,154.82,154.68,154.82,5103
2020-10-29 08:20,154.82,154.83,154.74,154.74,3913
2020-10-29 08:21,154.8,154.8,154.69,154.73,4036
2020-10-29 08:22,154.73,154.8,154.725,154.8,2126
2020-10-29 08:23,154.83,154.83,154.7868,154.83,3071
2020-10-29 08:24,154.88,154.955,154.88,154.909,3949
2020-10-29 08:25,154.89,154.92,154.82,154.835,2421
2020-10-29 08:26,154.87,154.88,154.86,154.88,1264
2020-10-29 08:27,154.878,154.878,154.79,154.8,1818
2020-10-29 08:28,154.77,154.81,154.64,154.64,3582
2020-10-29 08:29,154.6548,154.7,154.41,154.41,6944
2020-10-29 08:30,154.45,154.48,154.25,154.27,5344
2020-10-29 08:31,154.23,154.28,154.22,154.25,3575
2020-10-29 08:32,154.25,154.32,154.2,154.32,4239
2020-10-29 08:33,154.3559,154.38,154.28,154.31,3983
2020-10-29 08:34,154.305,154.48,154.305,154.42,2715
2020-10-29 08:35,154.46,154.47,154.3111,154.32,8085
2020-10-29 08:36,154.3,154.4,154.2998,154.4,5062
2020-10-29 08:37,154.34,154.4,154.3,154.4,3148
2020-10-29 08:38,154.4,154.49,154.39,154.42,11181
2020-10-29 08:39,154.42,154.47,154.415,154.47,4314
2020-10-29 08:40,154.455,154.5,154.41,154.41,1751
2020-10-29 08:41,154.37,154.51,154.37,154.51,11267
2020-10-29 08:42,154.5,154.5,154.28,154.28,15342
2020-10-29 08:43,154.34,154.41,154.2,154.34,18591
2020-10-29 08:44,154.33,154.3698,154.235,154.235,4607
2020-10-29 08:45,154.215,154.36,154.215,154.31,3280
2020-10-29 08:46,154.44,154.45,154.36,154.39,3273
2020-10-29 08:47,154.4,154.57,154.38,154.43,6741
2020-10-29 08:48,154.49,154.58,154.43,154.56,2426
2020-10-29 08:49,154.53,154.54,154.485,154.54,531
2020-10-29 08:50,154.52,154.52,154.38,154.49,2660
2020-10-29 08:51,154.42,154.44,154.4,154.44,2953
2020-10-29 08:52,154.37,154.47,154.37,154.4,3978
2020-10-29 08:53,154.37,154.49,154.37,154.49,9161
2020-10-29 08:54,154.47,154.51,154.47,154.49,1762
2020-10-29 08:55,154.4619,154.51,154.455,154.455,1243
2020-10-29 08:56,154.43,154.56,154.43,154.56,4180
2020-10-29 08:57,154.55,154.55,154.13,154.175,4510
2020-10-29 08:58,154.16,154.27,154.12,154.27,19802
2020-10-29 08:59,154.25,154.38,154.22,154.375,8611
2020-10-29 09:00,154.41,154.49,154.3722,154.435,6676
2020-10-29 09:01,154.36,154.45,154.27,154.27,15866
2020-10-29 09:02,154.21,154.21,154.1,154.15,2346
2020-10-29 09:03,154.15,154.16,154.07,154.07,1359
2020-10-29 09:04,154.02,154.02,153.935,153.935,4529
2020-10-29 09:05,153.92,153.92,153.8357,153.86,4306
2020-10-29 09:06,153.842,153.89,153.842,153.845,959
2020-10-29 09:07,153.89,154,153.88,154,2152
2020-10-29 09:08,154.08,154.26,154.08,154.26,2852
2020-10-29 09:09,154.22,154.29,154.205,154.26,9893
2020-10-29 09:10,154.21,154.3,154.21,154.25,6717
2020-10-29 09:11,154.23,154.3,154.21,154.27,3411
2020-10-29 09:12,154.3,154.31,154.21,154.25,18658
2020-10-29 09:13,154.24,154.36,154.23,154.3,4362
2020-10-29 09:14,154.29,154.36,154.23,154.36,4704
2020-10-29 09:15,154.35,154.36,154.25,154.36,1603
2020-10-29 09:16,154.28,154.31,154.27,154.3,1107
2020-10-29 09:17,154.3308,154.3308,154.18,154.25,13434
2020-10-29 09:18,154.28,154.35,154.28,154.32,2307
2020-10-29 09:19,154.35,154.36,154.29,154.3,1574
2020-10-29 09:20,154.295,154.32,154.24,154.26,2575
2020-10-29 09:21,154.24,154.28,154.22,154.27,3548
2020-10-29 09:22,154.26,154.29,154.23,154.23,2877
2020-10-29 09:23,154.23,154.26,154.22,154.23,11456
2020-10-29 09:24,154.215,154.29,154.19,154.29,17096
2020-10-29 09:25,154.3,154.46,154.3,154.41,3550
2020-10-29 09:26,154.39,154.43,154.37,154.395,2058
2020-10-29 09:27,154.36,154.39,154.32,154.39,1495
2020-10-29 09:28,154.4299,154.4299,154.31,154.33,1547
2020-10-29 09:29,154.37,154.38,154.23,154.3,4527
2020-10-29 09:30,154.315,154.34,154.285,154.34,1992
2020-10-29 09:31,154.29,154.34,154.28,154.3101,1194
2020-10-29 09:32,154.29,154.39,154.29,154.31,1921
2020-10-29 09:33,154.315,154.37,154.27,154.37,4184
2020-10-29 09:34,154.37,154.41,154.34,154.41,3541
2020-10-29 09:35,154.39,154.4,154.35,154.39,2392
2020-10-29 09:36,154.39,154.4,154.36,154.36,2107
2020-10-29 09:37,154.39,154.46,154.36,154.46,2299
2020-10-29 09:38,154.41,154.44,154.37,154.38,1953
2020-10-29 09:39,154.43,154.43,154.38,154.385,880
2020-10-29 09:40,154.35,154.4299,154.35,154.4299,905
2020-10-29 09:41,154.37,154.4101,154.27,154.27,1578
2020-10-29 09:42,154.3,154.45,154.3,154.38,4779
2020-10-29 09:43,154.435,154.48,154.435,154.45,1051
2020-10-29 09:44,154.455,154.48,154.38,154.38,1777
2020-10-29 09:45,154.35,154.39,154.32,154.365,3593
2020-10-29 09:46,154.36,154.4265,154.36,154.4265,976
2020-10-29 09:47,154.4,154.49,154.4,154.42,1866
2020-10-29 09:48,154.44,154.45,154.44,154.45,814
2020-10-29 09:49,154.44,154.44,154.37,154.37,2844
2020-10-29 09:50,154.4,154.55,154.4,154.55,6956
2020-10-29 09:51,154.49,154.49,154.34,154.34,1136
2020-10-29 09:52,154.33,154.33,154.3003,154.3003,1691
2020-10-29 09:53,154.37,154.41,154.37,154.403,739
2020-10-29 09:54,154.38,154.42,154.36,154.36,3100
2020-10-29 09:55,154.385,154.385,154.24,154.25,2776
2020-10-29 09:56,154.25,154.27,154.23,154.255,3466
2020-10-29 09:57,154.25,154.34,154.25,154.33,5115
2020-10-29 09:58,154.35,154.36,154.3081,154.335,1054
2020-10-29 09:59,154.31,154.31,154.23,154.28,3638
2020-10-29 10:00,154.29,154.335,154.27,154.32,1799
2020-10-29 10:01,154.3,154.34,154.26,154.26,989
2020-10-29 10:02,154.25,154.28,154.24,154.28,1552
2020-10-29 10:03,154.255,154.3,154.17,154.265,9421
2020-10-29 10:04,154.23,154.27,154.15,154.25,7356
2020-10-29 10:05,154.25,154.26,154.09,154.1172,4251
2020-10-29 10:06,154.15,154.25,154.135,154.25,8110
2020-10-29 10:07,154.305,154.31,154.17,154.275,27021
2020-10-29 10:08,154.275,154.3,154.2,154.22,19218
2020-10-29 10:09,154.22,154.22,154.03,154.03,5230
2020-10-29 10:10,154.08,154.115,154.07,154.075,2204
2020-10-29 10:11,154.05,154.15,153.97,154.095,7244
2020-10-29 10:12,154.0548,154.06,153.9901,154.01,1796
2020-10-29 10:13,153.99,154.09,153.97,154.05,2640
2020-10-29 10:14,153.99,154.04,153.96,153.995,1146
2020-10-29 10:15,154.04,154.07,153.95,154.03,4951
2020-10-29 10:16,153.95,154,153.822,153.89,7660
2020-10-29 10:17,153.94,153.99,153.94,153.95,2041
2020-10-29 10:18,153.94,153.97,153.93,153.97,2014
2020-10-29 10:19,153.91,153.91,153.86,153.87,1878
2020-10-29 10:20,153.91,153.99,153.91,153.95,2513
2020-10-29 10:21,153.91,154.01,153.91,154.01,1476
2020-10-29 10:22,154.01,154.14,153.9619,154.14,3691
2020-10-29 10:23,154.09,154.2,154.08,154.15,4138
2020-10-29 10:24,154.14,154.14,154.1044,154.14,1706
2020-10-29 10:25,154.135,154.135,153.97,153.97,6997
2020-10-29 10:26,153.945,154.02,153.92,154.01,4289
2020-10-29 10:27,154.01,154.06,154.01,154.06,2985
2020-10-29 10:28,154.09,154.14,154.06,154.1,2926
2020-10-29 10:29,154.09,154.15,154.09,154.145,2315
2020-10-29 10:30,154.1,154.22,154.1,154.22,2529
2020-10-29 10:31,154.2,154.22,154.195,154.195,874
2020-10-29 10:32,154.28,154.29,154.2,154.28,5887
2020-10-29 10:33,154.28,154.28,154.2103,154.255,4441
2020-10-29 10:34,154.26,154.2605,154.2,154.247,2454
2020-10-29 10:35,154.22,154.28,154.22,154.28,1597
2020-10-29 10:36,154.24,154.27,154.12,154.21,8121
2020-10-29 10:37,154.235,154.35,154.235,154.32,3515
2020-10-29 10:38,154.325,154.35,154.315,154.35,809
2020-10-29 10:39,154.3493,154.43,154.3493,154.4,2191
2020-10-29 10:40,154.5,154.55,154.49,154.495,4389
2020-10-29 10:41,154.5,154.54,154.495,154.51,1051
2020-10-29 10:42,154.54,154.68,154.54,154.68,5884
2020-10-29 10:43,154.7086,154.78,154.67,154.78,4073
2020-10-29 10:44,154.77,154.81,154.68,154.68,2142
2020-10-29 10:45,154.67,154.74,154.67,154.735,3231
2020-10-29 10:46,154.71,154.71,154.66,154.66,2461
2020-10-29 10:47,154.63,154.7,154.63,154.695,3926
2020-10-29 10:48,154.65,154.65,154.5859,154.6013,2439
2020-10-29 10:49,154.6274,154.6274,154.6077,154.61,907
2020-10-29 10:50,154.6,154.61,154.6,154.61,817
2020-10-29 10:51,154.6007,154.72,154.6007,154.714,1639
2020-10-29 10:52,154.68,154.85,154.68,154.83,2956
2020-10-29 10:53,154.83,154.83,154.8,154.815,1285
2020-10-29 10:54,154.83,154.94,154.78,154.93,3403
2020-10-29 10:55,154.9179,154.97,154.89,154.91,2437
2020-10-29 10:56,154.89,155.01,154.88,155,4204
2020-10-29 10:57,155,155.03,154.98,155.03,2750
2020-10-29 10:58,155.03,155.2,154.97,155.1918,5695
2020-10-29 10:59,155.19,155.19,155.12,155.16,3833
2020-10-29 11:00,155.16,155.34,155.155,155.335,3141
2020-10-29 11:01,155.33,155.385,155.26,155.31,19120
2020-10-29 11:02,155.36,155.405,155.26,155.405,9015
2020-10-29 11:03,155.37,155.41,155.31,155.345,4404
2020-10-29 11:04,155.3233,155.325,155.3,155.31,2131
2020-10-29 11:05,155.3082,155.37,155.305,155.36,3836
2020-10-29 11:06,155.38,155.39,155.32,155.35,3442
2020-10-29 11:07,155.36,155.36,155.28,155.28,1985
2020-10-29 11:08,155.34,155.54,155.34,155.54,5214
2020-10-29 11:09,155.54,155.55,155.44,155.465,2788
2020-10-29 11:10,155.5,155.5699,155.465,155.52,2433
2020-10-29 11:11,155.5,155.5,155.39,155.43,2110
2020-10-29 11:12,155.42,155.47,155.36,155.42,8192
2020-10-29 11:13,155.42,155.615,155.42,155.615,2982
2020-10-29 11:14,155.615,155.615,155.58,155.5899,2642
2020-10-29 11:15,155.59,155.65,155.59,155.65,2746
2020-10-29 11:16,155.75,155.76,155.72,155.74,5882
2020-10-29 11:17,155.74,155.81,155.72,155.81,6024
2020-10-29 11:18,155.87,156.01,155.85,155.985,7379
2020-10-29 11:19,155.985,156.0278,155.95,156.01,3381
2020-10-29 11:20,156.0199,156.0199,155.9001,155.92,3375
2020-10-29 11:21,155.92,155.945,155.87,155.885,5039
2020-10-29 11:22,155.885,155.9,155.8625,155.8625,1613
2020-10-29 11:23,155.85,155.95,155.85,155.95,7201
2020-10-29 11:24,155.965,156,155.83,155.83,5772
2020-10-29 11:25,155.82,155.87,155.78,155.8,5117
2020-10-29 11:26,155.8,155.93,155.8,155.9173,5960
2020-10-29 11:27,155.91,155.96,155.87,155.9,3013
2020-10-29 11:28,155.95,155.995,155.89,155.97,3662
2020-10-29 11:29,155.96,156.0899,155.91,155.91,5407
2020-10-29 11:30,155.89,155.96,155.7601,155.81,4791
2020-10-29 11:31,155.8,155.86,155.8,155.86,2244
2020-10-29 11:32,155.825,155.91,155.825,155.91,1921
2020-10-29 11:33,155.91,155.91,155.82,155.82,1767
2020-10-29 11:34,155.82,155.96,155.79,155.96,3438
2020-10-29 11:35,155.97,155.97,155.78,155.78,3136
2020-10-29 11:36,155.78,155.78,155.63,155.63,1812
2020-10-29 11:37,155.63,155.63,155.495,155.495,3510
2020-10-29 11:38,155.53,155.565,155.525,155.54,3106
2020-10-29 11:39,155.53,155.58,155.53,155.58,1837
2020-10-29 11:40,155.5991,155.5991,155.54,155.59,2296
2020-10-29 11:41,155.6,155.66,155.6,155.66,3465
2020-10-29 11:42,155.69,155.7137,155.66,155.66,2811
2020-10-29 11:43,155.63,155.65,155.61,155.615,2231
2020-10-29 11:44,155.595,155.68,155.585,155.585,2910
2020-10-29 11:45,155.59,155.62,155.38,155.38,7574
2020-10-29 11:46,155.355,155.38,155.23,155.23,6564
2020-10-29 11:47,155.255,155.41,155.255,155.39,3494
2020-10-29 11:48,155.34,155.425,155.34,155.425,2426
2020-10-29 11:49,155.4276,155.4276,155.335,155.335,2386
2020-10-29 11:50,155.3,155.34,155.29,155.34,1991
2020-10-29 11:51,155.33,155.34,155.3,155.32,1309
2020-10-29 11:52,155.3,155.355,155.3,155.325,2407
2020-10-29 11:53,155.36,155.4299,155.36,155.4299,1120
2020-10-29 11:54,155.3345,155.42,155.3345,155.42,2184
2020-10-29 11:55,155.43,155.57,155.43,155.56,2002
2020-10-29 11:56,155.56,155.56,155.4429,155.47,4465
2020-10-29 11:57,155.48,155.53,155.42,155.53,3698
2020-10-29 11:58,155.54,155.54,155.47,155.48,3010
2020-10-29 11:59,155.48,155.59,155.47,155.59,3750
2020-10-29 12:00,155.555,155.6199,155.4901,155.52,7158
2020-10-29 12:01,155.55,155.66,155.53,155.655,5877
2020-10-29 12:02,155.66,155.75,155.66,155.72,3793
2020-10-29 12:03,155.65,155.78,155.595,155.78,5463
2020-10-29 12:04,155.83,155.9,155.78,155.82,3059
2020-10-29 12:05,155.76,155.92,155.755,155.84,4002
2020-10-29 12:06,155.845,155.845,155.6886,155.69,3797
2020-10-29 12:07,155.715,155.79,155.71,155.79,2319
2020-10-29 12:08,155.75,155.82,155.75,155.8006,2164
2020-10-29 12:09,155.79,155.82,155.66,155.7,3782
2020-10-29 12:10,155.7,155.79,155.65,155.68,3995
2020-10-29 12:11,155.655,155.71,155.58,155.6,4824
2020-10-29 12:12,155.62,155.64,155.535,155.605,4613
2020-10-29 12:13,155.62,155.75,155.62,155.67,2325
2020-10-29 12:14,155.62,155.62,155.45,155.52,15386
2020-10-29 12:15,155.53,155.59,155.445,155.48,4714
2020-10-29 12:16,155.49,155.49,155.43,155.43,2662
2020-10-29 12:17,155.37,155.46,155.34,155.445,3799
2020-10-29 12:18,155.47,155.5641,155.47,155.555,4048
2020-10-29 12:19,155.5576,155.74,155.5576,155.645,4831
2020-10-29 12:20,155.61,155.69,155.55,155.55,4804
2020-10-29 12:21,155.5447,155.66,155.5447,155.66,5116
2020-10-29 12:22,155.62,155.68,155.55,155.66,3394
2020-10-29 12:23,155.66,155.66,155.52,155.6,4893
2020-10-29 12:24,155.633,155.64,155.57,155.6399,2102
2020-10-29 12:25,155.595,155.63,155.54,155.605,3077
2020-10-29 12:26,155.6,155.66,155.55,155.6,3669
2020-10-29 12:27,155.61,155.65,155.5,155.54,2591
2020-10-29 12:28,155.5,155.5,155.42,155.44,4593
2020-10-29 12:29,155.42,155.53,155.38,155.53,6286
2020-10-29 12:30,155.575,155.68,155.535,155.59,3616
2020-10-29 12:31,155.55,155.63,155.52,155.57,4939
2020-10-29 12:32,155.54,155.54,155.46,155.53,10410
2020-10-29 12:33,155.54,155.68,155.505,155.54,6844
2020-10-29 12:34,155.51,155.57,155.51,155.56,8643
2020-10-29 12:35,155.55,155.57,155.5,155.53,5053
2020-10-29 12:36,155.525,155.56,155.45,155.52,12482
2020-10-29 12:37,155.52,155.54,155.41,155.45,6242
2020-10-29 12:38,155.38,155.47,155.38,155.42,3216
2020-10-29 12:39,155.4492,155.48,155.365,155.46,8353
2020-10-29 12:40,155.445,155.48,155.36,155.36,3683
2020-10-29 12:41,155.3,155.4,155.26,155.38,8228
2020-10-29 12:42,155.435,155.46,155.18,155.2,6213
2020-10-29 12:43,155.18,155.21,155.1298,155.145,4675
2020-10-29 12:44,155.07,155.13,155.05,155.08,7701
2020-10-29 12:45,155.08,155.24,155.06,155.24,28310
2020-10-29 12:46,155.28,155.43,155.27,155.37,6685
2020-10-29 12:47,155.38,155.58,155.3,155.58,6929
2020-10-29 12:48,155.51,155.61,155.47,155.55,6355
2020-10-29 12:49,155.57,155.57,155.415,155.5,9281
2020-10-29 12:50,155.5,155.67,155.33,155.345,18684
2020-10-29 12:51,155.38,155.38,155.27,155.315,8390
2020-10-29 12:52,155.34,155.52,155.315,155.48,12250
2020-10-29 12:53,155.5,155.61,155.46,155.5,13941
2020-10-29 12:54,155.485,155.485,155.26,155.26,6572
2020-10-29 12:55,155.29,155.29,154.905,154.91,23998
2020-10-29 12:56,154.91,154.92,154.6,154.67,33639
2020-10-29 12:57,154.68,154.87,154.675,154.82,15746
2020-10-29 12:58,154.815,154.86,154.57,154.58,38575
2020-10-29 12:59,154.57,154.61,154.25,154.26,78573
2020-10-30 06:30,153.32,153.35,153.15,153.15,53715
2020-10-30 06:31,153.26,153.62,153,153.62,17902
2020-10-30 06:32,153.69,153.93,153.51,153.93,5348
2020-10-30 06:33,153.93,154.07,153.8,154.07,9220
2020-10-30 06:34,154.11,154.14,153.83,153.83,5524
2020-10-30 06:35,153.7973,153.8112,153.55,153.72,3142
2020-10-30 06:36,153.71,154.06,153.61,153.975,10969
2020-10-30 06:37,153.88,154.05,153.87,154.03,6289
2020-10-30 06:38,153.94,153.94,153.57,153.645,2945
2020-10-30 06:39,153.53,153.6039,153.36,153.41,7777
2020-10-30 06:40,153.43,153.43,153.11,153.11,1200
2020-10-30 06:41,153.21,153.21,152.85,153.02,10215
2020-10-30 06:42,153.07,153.2,153,153,4633
2020-10-30 06:43,153.06,153.08,153,153.08,4610
2020-10-30 06:44,153.01,153.09,152.76,152.79,4535
2020-10-30 06:45,152.86,152.91,152.75,152.825,4352
2020-10-30 06:46,152.88,153.09,152.86,152.95,4025
2020-10-30 06:47,152.89,153.05,152.88,152.98,12852
2020-10-30 06:48,152.98,153.09,152.73,152.95,34702
2020-10-30 06:49,152.95,153.03,152.8501,153,40106
2020-10-30 06:50,152.925,153,152.8,152.89,7028
2020-10-30 06:51,152.89,153.1,152.73,153.1,8789
2020-10-30 06:52,153.16,153.17,153.06,153.1,3490
2020-10-30 06:53,152.98,153,152.74,152.74,3566
2020-10-30 06:54,152.9,153.09,152.85,153.09,5244
2020-10-30 06:55,153.12,153.3,153.03,153.3,7201
2020-10-30 06:56,153.21,153.24,153.07,153.09,5605
2020-10-30 06:57,153.11,153.27,153,153.25,5245
2020-10-30 06:58,153.31,153.54,153.31,153.38,4555
2020-10-30 06:59,153.375,153.42,153.15,153.15,3257
2020-10-30 07:00,153.15,153.27,153.1,153.15,6250
2020-10-30 07:01,152.99,153.25,152.83,153.25,5114
2020-10-30 07:02,153.12,153.12,152.84,152.99,2746
2020-10-30 07:03,152.91,153,152.9,152.945,2544
2020-10-30 07:04,152.88,152.95,152.74,152.92,7547
2020-10-30 07:05,152.89,153.1,152.84,153.1,4121
2020-10-30 07:06,153.06,153.08,152.9881,153.03,2448
2020-10-30 07:07,152.98,153,152.83,152.94,3966
2020-10-30 07:08,152.81,152.99,152.77,152.97,8495
2020-10-30 07:09,152.897,153.09,152.89,153.08,15987
2020-10-30 07:10,153.06,153.075,152.95,152.97,4826
2020-10-30 07:11,152.98,153.08,152.95,153.035,6740
2020-10-30 07:12,153,153.035,152.95,152.95,4739
2020-10-30 07:13,153.01,153.35,152.99,153.35,9652
2020-10-30 07:14,153.31,153.31,153.08,153.0823,5205
2020-10-30 07:15,153.07,153.1,152.97,153.015,5117
2020-10-30 07:16,153.01,153.09,152.84,152.86,4845
2020-10-30 07:17,152.78,152.815,152.72,152.765,3393
2020-10-30 07:18,152.77,152.8,152.71,152.8,4017
2020-10-30 07:19,152.74,152.84,152.74,152.81,3513
2020-10-30 07:20,152.74,152.74,152.5825,152.5825,8261
2020-10-30 07:21,152.555,152.62,152.45,152.45,7026
2020-10-30 07:22,152.45,152.7,152.45,152.7,5357
2020-10-30 07:23,152.615,152.67,152.29,152.315,10148
2020-10-30 07:24,152.36,152.42,152.29,152.39,6886
2020-10-30 07:25,152.31,152.33,152.18,152.27,5610
2020-10-30 07:26,152.3,152.39,152.21,152.3,12388
2020-10-30 07:27,152.34,152.51,152.32,152.5,26321
2020-10-30 07:28,152.48,152.5,152.1701,152.1701,31665
2020-10-30 07:29,152.22,152.22,151.91,152.015,14901
2020-10-30 07:30,152.015,152.22,151.97,152.205,8649
2020-10-30 07:31,152.16,152.16,152.01,152.035,4552
2020-10-30 07:32,151.9975,151.9975,151.61,151.75,15725
2020-10-30 07:33,151.79,151.99,151.73,151.98,3851
2020-10-30 07:34,151.99,151.99,151.82,151.82,4349
2020-10-30 07:35,151.76,151.77,151.44,151.615,7218
2020-10-30 07:36,151.615,151.615,151.37,151.37,2401
2020-10-30 07:37,151.38,151.82,151.37,151.82,6156
2020-10-30 07:38,151.845,151.93,151.76,151.87,5774
2020-10-30 07:39,151.98,152,151.73,151.7995,1777
2020-10-30 07:40,151.74,151.74,151.56,151.68,6933
2020-10-30 07:41,151.62,151.67,151.5501,151.5501,3375
2020-10-30 07:42,151.54,151.61,151.4425,151.46,5752
2020-10-30 07:43,151.5,151.64,151.18,151.2434,8775
2020-10-30 07:44,151.255,151.52,151.25,151.37,6191
2020-10-30 07:45,151.45,151.47,151.35,151.47,2400
2020-10-30 07:46,151.4411,151.5,151.35,151.415,3750
2020-10-30 07:47,151.425,151.425,151.1,151.175,8238
2020-10-30 07:48,151.17,151.17,150.9,150.91,7394
2020-10-30 07:49,150.95,151.26,150.95,151.21,10284
2020-10-30 07:50,151.27,151.27,150.985,151.09,3671
2020-10-30 07:51,151.19,151.66,151.19,151.66,7026
2020-10-30 07:52,151.68,152.01,151.66,151.955,13136
2020-10-30 07:53,151.9,151.98,151.7,151.9775,11497
2020-10-30 07:54,151.865,151.865,151.665,151.71,7015
2020-10-30 07:55,151.79,151.85,151.69,151.7925,12387
2020-10-30 07:56,151.84,151.98,151.74,151.92,6816
2020-10-30 07:57,151.9243,151.925,151.73,151.825,4989
2020-10-30 07:58,151.815,151.8455,151.65,151.65,3726
2020-10-30 07:59,151.565,151.565,151.38,151.385,3781
2020-10-30 08:00,151.375,151.85,151.375,151.85,13880
2020-10-30 08:01,151.82,151.82,151.71,151.81,2483
2020-10-30 08:02,151.76,151.76,151.59,151.71,4839
2020-10-30 08:03,151.9579,152.01,151.88,151.88,3138
2020-10-30 08:04,152.05,152.05,151.905,151.96,10789
2020-10-30 08:05,151.98,151.98,151.78,151.92,3038
2020-10-30 08:06,151.915,151.915,151.5965,151.5965,2853
2020-10-30 08:07,151.605,151.6395,151.355,151.4,4779
2020-10-30 08:08,151.45,151.61,151.45,151.51,5417
2020-10-30 08:09,151.48,151.51,151.09,151.18,4376
2020-10-30 08:10,151.16,151.57,151.11,151.56,9988
2020-10-30 08:11,151.3836,151.68,151.3836,151.64,3579
2020-10-30 08:12,151.53,151.56,151.41,151.45,2048
2020-10-30 08:13,151.5,151.93,151.49,151.694,6461
2020-10-30 08:14,151.67,151.84,151.53,151.84,4220
2020-10-30 08:15,151.79,151.79,151.6,151.65,5083
2020-10-30 08:16,151.6401,151.77,151.6401,151.67,3411
2020-10-30 08:17,151.65,151.77,151.41,151.45,7616
2020-10-30 08:18,151.455,151.49,151.34,151.395,3669
2020-10-30 08:19,151.45,151.57,151.45,151.47,8167
2020-10-30 08:20,151.43,151.43,151.23,151.32,6705
2020-10-30 08:21,151.32,151.47,151.3,151.44,7123
2020-10-30 08:22,151.53,151.53,151.43,151.485,1669
2020-10-30 08:23,151.46,151.6,151.435,151.57,6062
2020-10-30 08:24,151.58,151.59,151.4,151.5,6330
2020-10-30 08:25,151.53,151.7,151.53,151.62,8376
2020-10-30 08:26,151.605,151.8,151.54,151.74,8379
2020-10-30 08:27,151.7,151.76,151.58,151.7,8416
2020-10-30 08:28,151.66,151.71,151.48,151.48,2830
2020-10-30 08:29,151.45,151.6,151.4,151.6,5533
2020-10-30 08:30,151.54,151.63,151.49,151.61,4057
2020-10-30 08:31,151.55,151.55,151.4638,151.4638,5674
2020-10-30 08:32,151.515,151.57,151.49,151.54,2288
2020-10-30 08:33,151.48,151.58,151.43,151.55,10665
2020-10-30 08:34,151.54,151.62,151.5168,151.5701,2444
2020-10-30 08:35,151.57,151.82,151.57,151.78,4489
2020-10-30 08:36,151.78,151.78,151.555,151.555,4284
2020-10-30 08:37,151.52,151.56,151.5,151.51,3967
2020-10-30 08:38,151.49,151.55,151.47,151.53,6819
2020-10-30 08:39,151.53,151.62,151.49,151.5,4175
2020-10-30 08:40,151.48,151.54,151.325,151.51,17162
2020-10-30 08:41,151.6099,151.61,151.57,151.61,1725
2020-10-30 08:42,151.52,151.6,151.51,151.55,4676
2020-10-30 08:43,151.55,151.59,151.54,151.54,1921
2020-10-30 08:44,151.59,151.59,151.5,151.5849,4429
2020-10-30 08:45,151.64,151.64,151.5015,151.5232,2961
2020-10-30 08:46,151.52,151.66,151.5,151.66,5022
2020-10-30 08:47,151.69,151.81,151.66,151.7,3766
2020-10-30 08:48,151.64,151.85,151.63,151.85,2195
2020-10-30 08:49,151.79,151.8,151.73,151.8,5063
2020-10-30 08:50,151.82,151.82,151.725,151.725,1373
2020-10-30 08:51,151.73,151.7892,151.688,151.7892,4986
2020-10-30 08:52,151.75,151.8299,151.69,151.77,2794
2020-10-30 08:53,151.72,151.78,151.68,151.77,3284
2020-10-30 08:54,151.73,151.79,151.725,151.7471,3069
2020-10-30 08:55,151.74,151.74,151.5314,151.56,3064
2020-10-30 08:56,151.56,151.64,151.51,151.64,3533
2020-10-30 08:57,151.64,151.72,151.57,151.71,5887
2020-10-30 08:58,151.65,151.74,151.61,151.74,2218
2020-10-30 08:59,151.75,151.87,151.75,151.87,4242
2020-10-30 09:00,151.715,151.79,151.61,151.75,3425
2020-10-30 09:01,151.7366,151.9,151.7366,151.875,4411
2020-10-30 09:02,151.85,151.93,151.84,151.87,2627
2020-10-30 09:03,151.84,151.91,151.84,151.91,1848
2020-10-30 09:04,151.925,152.05,151.89,152.005,6495
2020-10-30 09:05,152,152.13,152,152.095,2700
2020-10-30 09:06,152.15,152.25,152.15,152.2,2549
2020-10-30 09:07,152.21,152.37,152.21,152.28,4536
2020-10-30 09:08,152.28,152.29,152.12,152.12,3444
2020-10-30 09:09,152.145,152.19,152.145,152.19,1067
2020-10-30 09:10,152.13,152.19,152.04,152.08,5035
2020-10-30 09:11,152.145,152.157,152.01,152.119,1799
2020-10-30 09:12,152.04,152.11,152.04,152.1,5333
2020-10-30 09:13,152.11,152.18,152.11,152.18,1404
2020-10-30 09:14,152.19,152.245,152.09,152.09,10247
2020-10-30 09:15,152.14,152.16,152.05,152.12,4288
2020-10-30 09:16,152.07,152.3,152.07,152.3,3752
2020-10-30 09:17,152.32,152.345,152.32,152.345,1982
2020-10-30 09:18,152.29,152.4,152.29,152.35,3582
2020-10-30 09:19,152.34,152.43,152.29,152.43,1495
2020-10-30 09:20,152.41,152.41,152.36,152.36,1802
2020-10-30 09:21,152.39,152.39,152.28,152.28,2490
2020-10-30 09:22,152.3,152.36,152.2513,152.29,4922
2020-10-30 09:23,152.28,152.46,152.25,152.46,6385
2020-10-30 09:24,152.42,152.47,152.41,152.41,3596
2020-10-30 09:25,152.34,152.34,152.23,152.26,2569
2020-10-30 09:26,152.25,152.35,152.25,152.35,2288
2020-10-30 09:27,152.52,152.68,152.52,152.6658,3631
2020-10-30 09:28,152.66,152.66,152.56,152.62,1709
2020-10-30 09:29,152.57,152.61,152.54,152.575,2153
2020-10-30 09:30,152.4639,152.4639,152.415,152.43,829
2020-10-30 09:31,152.47,152.47,152.3505,152.45,2186
2020-10-30 09:32,152.39,152.55,152.39,152.5,6565
2020-10-30 09:33,152.49,152.53,152.46,152.53,3416
2020-10-30 09:34,152.5459,152.5459,152.44,152.44,2229
2020-10-30 09:35,152.4,152.4,152.28,152.34,4678
2020-10-30 09:36,152.34,152.35,152.28,152.28,3310
2020-10-30 09:37,152.23,152.38,152.23,152.36,6320
2020-10-30 09:38,152.365,152.4,152.3,152.3806,2130
2020-10-30 09:39,152.4,152.41,152.29,152.29,2405
2020-10-30 09:40,152.275,152.37,152.26,152.37,3047
2020-10-30 09:41,152.31,152.34,152.2,152.205,4822
2020-10-30 09:42,152.2333,152.24,152.12,152.21,5219
2020-10-30 09:43,152.22,152.36,152.22,152.36,1899
2020-10-30 09:44,152.3,152.4,152.27,152.4,3964
2020-10-30 09:45,152.37,152.41,152.32,152.32,3334
2020-10-30 09:46,152.23,152.36,152.1801,152.315,3396
2020-10-30 09:47,152.305,152.33,152.22,152.25,4801
2020-10-30 09:48,152.23,152.28,152.19,152.225,4455
2020-10-30 09:49,152.195,152.28,152.18,152.215,5735
2020-10-30 09:50,152.19,152.23,152.02,152.09,6097
2020-10-30 09:51,152.075,152.15,152.05,152.15,2951
2020-10-30 09:52,152.15,152.46,152.15,152.37,7486
2020-10-30 09:53,152.33,152.335,152.32,152.32,600
2020-10-30 09:54,152.31,152.36,152.28,152.28,3386
2020-10-30 09:55,152.28,152.28,152.145,152.145,1822
2020-10-30 09:56,152.15,152.15,152.03,152.06,3095
2020-10-30 09:57,152.06,152.13,152.01,152.13,2920
2020-10-30 09:58,152.0604,152.124,152.03,152.05,2772
2020-10-30 09:59,152.03,152.1,151.95,151.95,4666
2020-10-30 10:00,151.93,151.93,151.8689,151.8689,3031
2020-10-30 10:01,151.94,152.24,151.895,152.24,4401
2020-10-30 10:02,152.2,152.2499,152.05,152.05,2657
2020-10-30 10:03,152.04,152.12,152.04,152.11,3043
2020-10-30 10:04,152.09,152.15,152.07,152.085,1888
2020-10-30 10:05,152.05,152.05,151.91,151.93,1896
2020-10-30 10:06,151.895,151.94,151.87,151.93,3780
2020-10-30 10:07,151.94,152.04,151.94,151.965,2483
2020-10-30 10:08,151.94,151.94,151.88,151.88,1266
2020-10-30 10:09,151.87,151.88,151.76,151.86,3445
2020-10-30 10:10,151.82,151.85,151.815,151.825,3050
2020-10-30 10:11,151.8,151.82,151.74,151.77,1324
2020-10-30 10:12,151.74,151.75,151.67,151.67,3209
2020-10-30 10:13,151.71,151.75,151.66,151.715,4390
2020-10-30 10:14,151.7045,151.75,151.68,151.75,2456
2020-10-30 10:15,151.725,151.77,151.71,151.75,2052
2020-10-30 10:16,151.76,151.765,151.6,151.68,4061
2020-10-30 10:17,151.643,151.73,151.64,151.69,2053
2020-10-30 10:18,151.65,151.775,151.65,151.7343,3294
2020-10-30 10:19,151.78,151.78,151.66,151.68,1931
2020-10-30 10:20,151.63,151.64,151.5807,151.64,2716
2020-10-30 10:21,151.61,151.73,151.61,151.73,3274
2020-10-30 10:22,151.7295,151.82,151.72,151.82,3940
2020-10-30 10:23,151.81,151.89,151.81,151.86,5857
2020-10-30 10:24,151.82,151.8252,151.73,151.82,4203
2020-10-30 10:25,151.78,151.82,151.69,151.69,2044
2020-10-30 10:26,151.69,151.84,151.69,151.81,3476
2020-10-30 10:27,151.77,151.82,151.73,151.79,2972
2020-10-30 10:28,151.84,152.05,151.84,151.88,4181
2020-10-30 10:29,151.86,151.92,151.86,151.92,2053
2020-10-30 10:30,151.9,151.9,151.73,151.79,4643
2020-10-30 10:31,151.79,151.9,151.78,151.9,2565
2020-10-30 10:32,151.926,151.96,151.83,151.83,2684
2020-10-30 10:33,151.81,151.81,151.7258,151.79,3373
2020-10-30 10:34,151.8,151.84,151.8,151.84,1231
2020-10-30 10:35,151.78,151.91,151.78,151.84,2852
2020-10-30 10:36,151.84,151.84,151.623,151.623,3703
2020-10-30 10:37,151.59,151.61,151.54,151.545,4351
2020-10-30 10:38,151.53,151.56,151.495,151.56,8493
2020-10-30 10:39,151.58,151.79,151.58,151.78,4412
2020-10-30 10:40,151.746,151.86,151.746,151.829,1520
2020-10-30 10:41,151.8,151.84,151.77,151.78,2320
2020-10-30 10:42,151.77,151.84,151.77,151.84,3753
2020-10-30 10:43,151.795,151.795,151.73,151.77,1354
2020-10-30 10:44,151.79,151.85,151.79,151.84,1830
2020-10-30 10:45,151.82,151.87,151.73,151.87,3131
2020-10-30 10:46,151.87,152,151.82,151.99,50701
2020-10-30 10:47,151.98,152.03,151.88,152.03,29657
2020-10-30 10:48,152.019,152.22,151.98,152.22,4085
2020-10-30 10:49,152.23,152.24,152.145,152.155,3875
2020-10-30 10:50,152.22,152.28,152.09,152.18,4973
2020-10-30 10:51,152.07,152.1,151.92,151.98,5094
2020-10-30 10:52,151.9426,152.12,151.94,152.1,4247
2020-10-30 10:53,152.09,152.18,152.04,152.04,3077
2020-10-30 10:54,152.04,152.08,151.96,151.9681,1729
2020-10-30 10:55,151.9336,152.22,151.9336,152.22,9909
2020-10-30 10:56,152.2019,152.22,152.13,152.16,2331
2020-10-30 10:57,152.16,152.3,152.16,152.24,3030
2020-10-30 10:58,152.2575,152.27,152.21,152.24,3922
2020-10-30 10:59,152.27,152.27,152.15,152.224,3480
2020-10-30 11:00,152.2,152.2,152.06,152.08,3148
2020-10-30 11:01,152.11,152.2579,152.08,152.21,3934
2020-10-30 11:02,152.185,152.21,152.1,152.2,3585
2020-10-30 11:03,152.14,152.14,152.03,152.14,4446
2020-10-30 11:04,152.11,152.29,152.11,152.29,2013
2020-10-30 11:05,152.2396,152.44,152.2396,152.37,6178
2020-10-30 11:06,152.43,152.45,152.4,152.45,1414
2020-10-30 11:07,152.43,152.54,152.418,152.45,2745
2020-10-30 11:08,152.38,152.38,152.31,152.32,2384
2020-10-30 11:09,152.32,152.36,152.28,152.35,4298
2020-10-30 11:10,152.34,152.39,152.2501,152.28,1898
2020-10-30 11:11,152.25,152.2806,152.22,152.26,6806
2020-10-30 11:12,152.26,152.29,152.1154,152.13,3553
2020-10-30 11:13,152.105,152.13,152.04,152.04,2214
2020-10-30 11:14,152.07,152.12,152.07,152.12,4198
2020-10-30 11:15,152.07,152.17,152.044,152.17,4925
2020-10-30 11:16,152.17,152.23,152.075,152.075,3421
2020-10-30 11:17,152.11,152.25,152.1,152.25,2330
2020-10-30 11:18,152.21,152.29,152.21,152.25,3536
2020-10-30 11:19,152.18,152.2412,152.17,152.18,3895
2020-10-30 11:20,152.23,152.26,152.17,152.24,3359
2020-10-30 11:21,152.21,152.25,152.09,152.14,4033
2020-10-30 11:22,152.11,152.26,152.11,152.26,2211
2020-10-30 11:23,152.22,152.3,152.19,152.23,6874
2020-10-30 11:24,152.23,152.24,151.98,151.98,6066
2020-10-30 11:25,151.96,152.02,151.7501,151.7501,5166
2020-10-30 11:26,151.76,151.79,151.69,151.735,10368
2020-10-30 11:27,151.76,152,151.65,151.91,32728
2020-10-30 11:28,151.89,151.98,151.8101,151.9298,31103
2020-10-30 11:29,151.93,151.93,151.7,151.71,13761
2020-10-30 11:30,151.6,151.6,151.5,151.5,1373
2020-10-30 11:31,151.5,151.51,151.43,151.5,6490
2020-10-30 11:32,151.52,151.52,151.315,151.315,3225
2020-10-30 11:33,151.25,151.34,151.13,151.2998,8862
2020-10-30 11:34,151.29,151.41,151.26,151.41,3398
2020-10-30 11:35,151.3666,151.38,151.26,151.27,1345
2020-10-30 11:36,151.27,151.27,151.19,151.26,2433
2020-10-30 11:37,151.32,151.34,151.265,151.3101,2642
2020-10-30 11:38,151.3599,151.5,151.3265,151.45,6123
2020-10-30 11:39,151.44,151.44,151.33,151.33,3766
2020-10-30 11:40,151.29,151.32,151.115,151.135,4648
2020-10-30 11:41,151.18,151.19,151.11,151.125,3478
2020-10-30 11:42,151.1108,151.1108,150.97,150.98,8737
2020-10-30 11:43,150.995,151.01,150.92,150.95,8236
2020-10-30 11:44,150.93,150.93,150.81,150.92,7024
2020-10-30 11:45,150.86,150.89,150.81,150.89,3367
2020-10-30 11:46,150.92,151.05,150.885,150.96,3219
2020-10-30 11:47,151,151.05,150.96,150.99,2615
2020-10-30 11:48,150.98,151.1717,150.93,151.1717,7475
2020-10-30 11:49,151.16,151.19,151.07,151.105,5628
2020-10-30 11:50,151.13,151.31,151.09,151.31,4965
2020-10-30 11:51,151.305,151.305,151.27,151.28,2864
2020-10-30 11:52,151.275,151.2799,151.17,151.2444,6041
2020-10-30 11:53,151.21,151.22,151.168,151.21,1519
2020-10-30 11:54,151.262,151.27,151.17,151.2,3975
2020-10-30 11:55,151.15,151.26,151.12,151.24,3275
2020-10-30 11:56,151.27,151.27,151.23,151.235,2371
2020-10-30 11:57,151.2064,151.37,151.19,151.37,4201
2020-10-30 11:58,151.36,151.42,151.29,151.29,4836
2020-10-30 11:59,151.27,151.27,151.04,151.06,4532
2020-10-30 12:00,151.055,151.11,150.95,151.05,6921
2020-10-30 12:01,151.055,151.25,151.05,151.05,5259
2020-10-30 12:02,151.07,151.2595,151.07,151.16,3565
2020-10-30 12:03,151.18,151.18,150.9759,151,12233
2020-10-30 12:04,150.95,151.11,150.95,151.11,4870
2020-10-30 12:05,151.04,151.13,150.98,151.06,3091
2020-10-30 12:06,150.98,150.98,150.8895,150.895,6657
2020-10-30 12:07,150.875,150.96,150.8401,150.95,4719
2020-10-30 12:08,150.95,151,150.87,150.9322,6127
2020-10-30 12:09,150.95,151,150.8,150.925,5606
2020-10-30 12:10,150.89,150.93,150.83,150.896,5495
2020-10-30 12:11,150.95,151.16,150.91,151.05,22846
2020-10-30 12:12,151.02,151.045,150.9,151.02,24562
2020-10-30 12:13,151.02,151.03,150.95,151.03,6287
2020-10-30 12:14,151.02,151.18,150.995,151.149,4260
2020-10-30 12:15,151.11,151.15,151.03,151.13,5785
2020-10-30 12:16,151.13,151.26,151.13,151.21,4415
2020-10-30 12:17,151.205,151.205,151.005,151.04,6881
2020-10-30 12:18,151.04,151.14,151.04,151.14,5066
2020-10-30 12:19,151.24,151.32,151.21,151.25,3513
2020-10-30 12:20,151.24,151.44,151.2,151.36,5182
2020-10-30 12:21,151.38,151.39,151.23,151.34,4892
2020-10-30 12:22,151.33,151.44,151.2,151.44,9745
2020-10-30 12:23,151.37,151.37,151.31,151.31,6780
2020-10-30 12:24,151.34,151.38,151.3,151.38,4532
2020-10-30 12:25,151.39,151.43,151.27,151.405,8558
2020-10-30 12:26,151.38,151.42,151.34,151.36,7163
2020-10-30 12:27,151.44,151.53,151.4,151.415,7643
2020-10-30 12:28,151.39,151.4,151.19,151.21,3673
2020-10-30 12:29,151.21,151.23,151.1605,151.19,7240
2020-10-30 12:30,151.17,151.29,151.15,151.17,7595
2020-10-30 12:31,151.19,151.24,151.04,151.0735,7591
2020-10-30 12:32,151.1,151.23,151.08,151.14,4785
2020-10-30 12:33,151.13,151.14,150.97,151.03,10486
2020-10-30 12:34,151.06,151.355,151.05,151.22,10063
2020-10-30 12:35,151.235,151.36,151.185,151.23,19777
2020-10-30 12:36,151.2,151.21,151.155,151.1758,9876
2020-10-30 12:37,151.18,151.18,150.97,150.99,8723
2020-10-30 12:38,151,151.205,150.985,151.1,9348
2020-10-30 12:39,151.12,151.31,151.12,151.3,9466
2020-10-30 12:40,151.37,151.55,151.37,151.3901,12892
2020-10-30 12:41,151.46,151.52,151.345,151.49,10537
2020-10-30 12:42,151.48,151.68,151.48,151.66,9616
2020-10-30 12:43,151.66,151.78,151.53,151.72,9828
2020-10-30 12:44,151.715,151.92,151.69,151.92,9245
2020-10-30 12:45,151.93,152.01,151.84,151.96,17517
2020-10-30 12:46,151.975,151.975,151.82,151.86,20763
2020-10-30 12:47,151.845,151.865,151.61,151.65,19148
2020-10-30 12:48,151.63,151.63,151.41,151.46,15824
2020-10-30 12:49,151.44,151.76,151.35,151.61,21738
2020-10-30 12:50,151.75,151.75,151.59,151.6727,10787
2020-10-30 12:51,151.6701,151.82,151.59,151.79,10078
2020-10-30 12:52,151.78,151.78,151.5427,151.69,14648
2020-10-30 12:53,151.63,151.71,151.5201,151.71,11600
2020-10-30 12:54,151.68,151.97,151.65,151.84,15226
2020-10-30 12:55,151.83,151.86,151.65,151.8335,20581
2020-10-30 12:56,151.8,151.86,151.73,151.77,18601
2020-10-30 12:57,151.78,151.98,151.71,151.81,24288
2020-10-30 12:58,151.84,152.12,151.81,152.09,40434
2020-10-30 12:59,152.11,152.39,152,152.28,136429
